#################################### 
# Matrix Size= (50,50,50)
# Resol      = (10,10,10)
# VoxelSize  = (5,5,5)
# nbVal      = 1000
#################################### 
8.90209 7.48982 15.3442 16.1803 9.29134 15.0316 8.86606 13.9099 14.3991 7.45961 
9.02461 9.31637 8.97671 11.5589 14.3044 14.5214 18.9599 17.318 17.0036 15.4496 
16.0144 15.5729 17.7897 10.5368 9.01809 15.3933 19.8301 10.6671 9.56658 9.32408 
14.7089 8.54222 15.1126 8.49673 10.4174 15.0252 18.4283 10.6583 14.1827 13.0917 
10.0076 9.75866 12.2298 9.16567 8.75906 9.95314 7.8332 9.92985 18.1704 10.6886 
19.6886 8.94712 16.2271 10.5058 11.8129 10.691 9.85461 10.2391 14.1499 9.29575 
7.9469 16.8781 11.1948 16.9889 15.5185 11.5675 9.44498 12.15 7.0278 12.0398 
8.86203 10.9026 13.489 6.40002 15.0185 15.4986 9.44918 13.5954 13.3954 14.8182 
15.6035 8.03829 11.3402 11.8676 16.2241 13.2182 12.2324 12.6215 15.6017 8.60824 
10.6311 13.3831 14.267 12.9506 11.5086 10.2861 8.25627 11.3168 15.1609 12.5984 

6.60508 14.0702 9.5641 12.3471 5.95549 10.451 8.77587 10.5246 12.5516 10.3063 
9.28509 9.52339 8.84195 12.588 11.2836 10.0073 12.8609 10.6357 10.7819 11.1395 
10.0063 9.34449 11.6338 13.3968 13.0738 13.159 13.5313 15.139 12.8245 12.0286 
11.8082 6.54253 11.0814 11.8571 13.7311 13.7856 10.125 12.7887 8.56627 9.21009 
10.8735 15.9642 6.69718 11.4441 8.97626 10.1086 9.42801 8.10833 14.6904 10.5731 
10.4995 11.8039 10.7533 7.18961 15.1092 10.4659 6.48469 14.0274 13.3697 7.89669 
9.991 10.2365 10.7295 11.7793 11.0808 14.5478 10.3037 6.34215 9.31322 9.95028 
10.4069 14.0275 8.54437 8.08184 11.3992 8.33036 13.9298 13.1037 7.7503 14.0656 
8.84542 8.71747 9.30271 9.37733 9.18236 13.3588 11.7766 11.8201 12.5655 8.83684 
7.83871 9.83289 8.05806 8.74058 13.3293 9.90118 10.5134 10.3161 13.7372 9.48774 

9.87385 15.915 7.56822 8.7334 7.1742 12.2047 11.4974 5.223 10.6487 8.26298 
5.12492 9.18612 9.15984 7.25746 11.2291 5.1781 8.95242 7.95147 11.5202 9.83738 
8.0921 7.15517 9.23762 8.84892 8.9767 9.03571 8.94691 12.035 6.57208 10.0491 
11.4465 16.0936 9.24718 6.43621 9.23072 5.0585 8.11572 11.4543 6.84161 8.17236 
9.38042 12.7901 8.99456 12.5747 10.9788 13.2914 8.45092 8.5862 13.2665 5.79099 
8.52288 6.87249 9.5464 10.4202 7.49357 9.58775 12.8116 12.8418 13.5572 8.45134 
12.1668 10.8175 4.48229 9.44549 7.12777 8.01801 8.25373 10.7073 6.50457 8.50056 
5.61433 10.4284 9.74171 8.71478 12.2347 7.99061 11.6002 6.61189 10.0969 8.23457 
9.79409 7.64763 11.3855 11.5384 10.4124 12.9129 8.19394 12.5443 12.1094 6.55052 
4.09174 8.62442 9.48355 6.43219 6.3191 9.55625 6.46614 5.98828 7.43546 12.2663 

7.47498 6.57101 7.27073 7.11634 8.87844 9.52546 11.1016 6.01549 9.29404 9.70565 
4.3842 10.5595 6.15276 7.45858 13.6161 11.0299 5.10221 6.19347 6.5629 3.55997 
9.54538 7.28979 14.5825 13.3124 8.36385 7.96463 5.96615 7.37344 5.95307 6.94158 
9.72579 6.96407 6.66248 8.16658 9.66039 6.64428 6.33961 7.79096 7.98311 7.8369 
8.1519 6.84781 10.5459 10.4627 6.16272 6.94019 12.7422 12.4959 11.9413 3.94928 
10.3601 12.5682 5.3832 8.94327 8.59738 10.7605 8.05374 8.79994 8.39654 5.37177 
7.32834 10.1585 9.9809 7.0467 5.35812 5.51191 10.1552 10.6991 6.45603 11.0266 
10.331 8.43197 6.64918 12.9914 9.80773 6.65103 5.72009 4.68628 3.93216 8.77577 
6.0593 7.39352 7.17951 9.90589 7.09438 12.7128 6.68749 11.9915 3.83833 6.84136 
7.68727 12.1455 7.10079 6.33177 6.3519 5.6527 4.81564 10.3815 6.68885 7.29457 

7.33974 5.04897 5.43634 6.1274 8.71628 6.07248 10.0215 8.97394 7.41053 5.40113 
6.58534 5.43749 9.07385 8.06613 7.21121 7.30403 6.63346 7.08818 12.5797 4.99237 
8.76866 3.05996 7.99144 4.65817 7.85754 9.90675 6.05779 2.80589 6.76105 11.9635 
5.63492 3.62057 5.82989 9.90143 6.18207 5.71393 7.78054 8.07916 4.38176 7.18072 
9.82368 8.14749 8.94102 9.46671 6.75088 4.70844 11.1997 10.2244 6.39777 3.85317 
8.22643 5.48689 8.09443 6.65244 6.17024 11.6599 8.8153 8.30245 6.87276 5.54911 
6.55717 6.67107 3.58903 10.025 12.2755 2.86248 5.66821 7.11693 7.40384 6.96081 
4.07007 2.79908 5.16344 4.99795 5.10951 8.01316 4.85913 4.42843 5.04837 5.35168 
4.79364 5.28515 5.12524 8.95524 9.90416 7.69656 6.75026 5.09796 10.9134 9.9276 
4.50886 8.20742 7.65766 5.60371 8.01571 5.69819 6.00917 7.20845 6.73431 5.91241 

2.22821 6.88879 3.22016 6.85845 7.45064 5.96846 2.60303 3.05843 4.19851 6.64793 
3.46498 6.67142 3.88903 6.0522 5.54036 8.15156 9.42985 7.58768 6.32558 4.6345 
7.32301 8.41931 3.0592 7.96399 3.36856 6.03117 4.28483 6.25477 3.63185 6.72347 
6.34365 5.14096 3.51668 5.77922 6.13615 4.55951 6.59604 8.81935 7.47346 6.34845 
3.07551 3.95074 6.94734 8.72803 9.92839 5.23445 4.62564 4.87162 4.11834 5.48052 
1.26159 6.63094 8.54988 1.94585 6.83732 12.7611 6.52383 4.40163 7.6149 5.81842 
9.19433 5.06794 4.71315 5.44598 3.74177 5.88048 5.47282 2.07975 6.54851 4.20829 
5.35975 2.88144 5.89358 7.44279 6.61274 5.44853 4.59258 3.29612 7.35464 6.43146 
3.72364 5.81658 5.8822 8.41948 1.81202 3.16875 10.6161 6.16543 4.33143 4.79472 
4.40148 6.66081 8.89116 9.48913 1.6978 4.04613 5.06556 4.96719 2.87815 4.6487 

4.61582 4.07143 5.6335 7.13164 4.87566 6.19487 0.658411 1.89228 3.93878 1.74214 
4.82211 4.84258 4.21588 6.44048 2.80613 6.36632 9.4655 6.86041 5.41247 3.38814 
2.36736 5.29653 6.87776 6.94284 8.83545 3.11741 6.60455 8.33046 4.72315 3.62821 
1.67125 5.65515 4.0287 5.25627 3.72911 4.56037 1.69963 4.56112 3.11004 4.9058 
6.29644 4.01142 4.30713 5.92098 4.57018 6.30426 3.47127 4.28034 4.0345 3.6773 
5.99368 3.67644 8.94202 8.92545 5.54493 4.57987 5.50895 6.16868 5.39693 4.14159 
5.83954 6.80231 6.16773 7.0526 2.61282 2.74701 6.27201 3.83642 8.78669 3.35443 
4.59908 3.90765 5.55158 8.653 5.16147 3.65171 3.78442 3.95553 4.40476 3.14963 
6.45919 6.04224 3.14337 3.84491 2.30342 5.88645 6.39211 6.3417 4.62816 2.46016 
5.30239 4.72321 8.51693 9.70556 5.14717 6.35822 4.67328 10.0547 6.30688 6.34081 

5.46013 2.88238 6.27821 5.23629 5.39117 2.77939 1.5608 10.9243 1.86353 2.40627 
3.46152 4.20109 3.44159 4.46838 3.68627 2.49017 1.92157 4.23837 1.24131 4.4003 
3.96492 3.06825 3.56017 3.86256 2.11038 4.27552 6.3071 5.01835 2.35499 10.2277 
2.24769 2.92429 2.70381 3.92429 4.06207 4.02546 4.3147 5.96211 3.70327 2.71112 
6.60354 3.44902 3.83419 7.34265 4.11244 2.47222 6.0314 2.46718 4.88513 4.62088 
6.42492 3.06729 5.79758 3.10433 7.71296 3.81822 2.95424 3.58645 3.57657 4.27477 
7.44039 4.47776 5.5966 5.22542 7.13927 6.76164 5.38644 3.0106 3.34747 2.12943 
3.55844 5.73969 5.10727 4.17637 2.85124 3.51516 3.0225 3.61299 2.83296 7.3877 
5.45639 1.79143 4.25499 2.40432 5.19318 4.20739 4.29678 3.9416 2.88052 2.0143 
4.7776 3.57148 5.49949 4.39383 3.26583 2.27751 2.7259 2.16335 1.75027 3.59747 

5.12669 4.03173 4.88326 3.95034 3.92321 4.06984 1.82091 4.50291 3.30255 2.7346 
4.62237 5.82164 5.10047 4.5616 3.09125 5.53518 3.76846 3.76655 4.61592 3.86242 
3.64 1.91742 4.05787 3.04695 1.10374 3.08017 3.04313 2.62401 2.94892 2.86098 
3.39914 4.85188 2.57289 6.21345 6.92275 4.19296 4.34295 2.84812 2.71324 4.48931 
5.24211 3.09724 2.22141 5.49819 2.23593 4.17816 3.74489 2.20022 1.36921 2.94535 
3.40698 1.48837 0.450969 3.88529 3.90246 1.92057 4.25808 2.01046 5.26986 2.86495 
3.5845 3.45217 3.92935 2.87786 1.77637 4.40274 2.57206 4.24545 3.39134 5.32715 
4.18425 2.57304 2.7348 4.53359 4.4191 1.48891 1.28039 2.88623 4.44805 6.18035 
2.61448 1.50959 3.9883 2.73341 2.49991 5.19553 1.04466 3.07992 4.33351 6.31487 
0.287205 3.23686 5.39305 1.9697 3.72837 2.65299 2.57803 3.36425 2.72164 2.3892 

3.3523 4.29537 1.16288 1.91504 2.81767 2.07243 2.21714 1.33186 1.61936 2.3917 
2.41541 2.3217 4.48319 4.48526 3.25018 3.26321 5.84331 3.8097 2.7512 1.80259 
4.2618 5.34324 3.21002 8.22173 1.4192 1.26104 3.99176 1.64491 1.63089 4.7047 
7.55314 2.44685 4.25108 2.79343 4.01114 1.47777 3.163 1.4615 3.50605 1.22802 
2.33994 2.14458 3.54553 2.09818 3.58927 1.61075 2.1183 3.40144 4.006 1.80751 
4.76722 1.7645 2.1295 3.96599 6.61386 1.26681 2.25044 4.97242 2.87451 2.48023 
4.21312 3.52145 6.75105 1.93299 2.30227 3.91337 1.49639 3.01006 2.65198 2.72965 
1.32259 0.609248 4.18984 2.15387 1.5983 2.1307 3.92272 2.47872 7.87515 4.93137 
1.95685 1.462 3.20027 4.87911 4.0229 2.36146 2.12793 4.08726 4.68169 2.13068 
3.22011 0.219359 2.40103 2.60743 3.72238 3.51485 2.96077 1.68884 2.66934 2.1481 

