#################################### 
# Matrix Size= (50,50,50)
# Resol      = (10,10,10)
# VoxelSize  = (5,5,5)
# nbVal      = 1000
#################################### 
7.1668 5.01178 13.0327 11.5444 6.25147 11.9466 7.48228 11.7934 12.6414 4.38948 
5.83044 6.2085 7.28321 8.28043 10.5797 11.5683 14.3596 15.1932 14.968 13.2452 
12.958 12.6438 13.9104 9.13335 7.05751 12.2236 16.1951 8.73004 7.91974 7.54739 
12.5237 6.93463 11.6348 6.18246 7.35561 11.3717 16.1037 8.15086 10.9636 10.1308 
9.05294 7.28829 9.57947 6.76978 6.4574 6.5478 6.7142 7.59195 13.5467 7.41437 
16.9521 6.18524 12.6909 9.84215 8.35672 7.49697 7.13916 6.78791 10.9074 6.40627 
5.42792 15.6507 9.37245 13.7201 13.8032 8.33595 6.95522 11.3751 4.19242 8.57076 
5.90557 8.9513 9.1247 3.7972 10.9412 11.8009 6.46381 11.435 11.0337 11.5784 
11.9568 5.95519 8.51294 10.2391 13.5018 10.2441 10.1111 10.9341 11.4115 5.95806 
8.38666 10.5483 11.8851 10.7511 9.38746 7.24074 6.83734 8.55033 12.9227 10.4263 

4.29372 11.1224 7.80647 10.3977 3.44519 8.57856 7.0069 7.92876 10.286 9.96231 
7.42973 6.74901 5.68171 9.80433 8.16815 8.41652 9.25956 8.31714 8.08505 9.26665 
9.09021 8.10582 8.65516 10.3627 9.43673 11.026 10.2689 11.6262 10.3163 11.3473 
8.71764 4.86062 8.61479 9.15125 11.2404 11.6722 7.92017 9.52141 6.01417 7.47099 
7.62628 12.9329 5.03816 8.53866 6.68852 7.56394 6.78074 4.47377 9.83043 9.12391 
10.0415 9.63692 8.83125 5.89973 11.1663 8.28352 4.17524 10.8081 10.4225 5.43423 
7.17376 6.77276 8.39484 8.26738 7.99427 11.0642 6.99075 4.29538 7.57893 7.90386 
8.50394 11.6335 6.61464 5.4497 8.05589 5.75916 10.7381 11.4364 4.91105 12.5821 
6.5415 7.09357 5.54096 6.95863 7.29726 10.0515 9.90144 9.28867 9.23207 6.67821 
5.59279 7.04476 4.98788 6.73149 9.49431 7.44611 7.25234 7.39227 10.979 7.90526 

7.12831 10.992 5.65017 6.04095 4.74993 8.8716 8.55327 2.81491 7.4267 6.94839 
2.63524 6.85082 5.77152 4.1793 8.6383 3.59086 6.00407 5.86523 8.69265 7.77141 
6.87099 5.67709 6.60887 6.72552 6.78083 6.77683 6.12728 8.40188 5.1315 7.79625 
9.20597 12.9549 6.74957 4.09401 6.68501 3.206 5.04255 8.75633 5.12122 6.00792 
6.20249 8.83984 6.24826 9.21646 7.74392 9.98488 5.13202 6.42277 8.7403 3.5764 
5.68008 5.18172 8.56145 6.9418 3.98691 8.00091 10.3734 9.89609 11.104 7.81633 
9.36418 7.99733 2.14707 6.37385 5.30001 5.0916 6.14046 7.84736 4.36829 6.79344 
4.01887 6.95613 6.71546 7.49522 10.5064 6.05966 8.46031 3.87734 7.40098 6.42655 
8.82771 6.13999 8.95206 9.21927 7.14713 10.2236 7.00396 11.5937 9.13205 5.45343 
2.42113 6.42441 6.55613 5.10139 3.77977 6.60062 3.8111 4.22517 5.79451 9.41893 

5.56641 4.2728 4.58679 5.30271 5.14715 7.04641 8.87137 5.46651 6.30004 5.94866 
3.33359 7.26381 3.65116 5.8179 10.9356 7.82123 3.62343 4.41601 3.60922 2.41943 
6.65368 5.23734 12.6088 9.33868 6.0799 6.07454 4.58326 5.68875 4.89393 4.42251 
6.79115 5.28441 3.98627 6.57584 8.12182 4.3066 4.13921 5.67702 6.0715 6.17527 
5.93726 4.93344 6.65907 7.35359 3.74263 4.25245 8.74971 8.24523 8.60443 3.179 
6.48332 8.43832 3.86174 7.41347 6.43176 6.73917 4.47641 6.08844 6.56397 3.02319 
5.30342 8.80723 8.47392 5.41415 3.48189 2.81995 6.23918 7.52537 3.98767 8.0315 
9.197 6.70141 4.19648 11.4927 8.36061 3.4045 3.94367 2.94238 2.36308 6.23142 
3.77461 6.00056 4.61557 7.97539 4.16688 10.0696 5.30516 8.96917 2.494 4.99681 
5.64407 10.5834 3.90518 3.74838 4.17356 3.30549 2.98611 7.50559 4.98192 4.26137 

6.23861 2.86336 3.92403 4.56828 5.81628 3.92697 7.65563 7.02067 6.96064 3.6289 
5.86745 4.55867 7.67497 5.31197 4.12906 6.77627 4.79137 5.31762 10.0201 3.74094 
6.73798 2.1615 6.12802 3.51864 6.50307 7.45342 3.28413 1.28579 4.73605 9.90319 
4.04023 2.34524 3.52261 8.04413 4.27797 3.16806 6.47174 6.57551 2.84539 4.89239 
7.23426 4.21842 6.41277 7.35139 4.77717 2.31286 9.15274 8.81849 4.76206 2.61528 
6.32798 3.60973 6.02118 5.52866 4.34243 9.97931 5.24621 6.78004 4.68882 5.0147 
4.66887 4.73406 1.88648 6.50658 9.90799 1.33877 4.19058 4.44296 5.01696 5.99726 
2.34456 1.45158 3.21601 3.08058 3.26297 5.90282 2.71523 2.41386 3.20504 4.7421 
3.33627 3.83933 3.91112 6.10098 7.18518 7.1144 4.48707 4.03053 9.43961 7.8407 
3.1333 6.19969 5.90635 4.11175 5.33338 4.18581 3.5914 5.82078 4.58833 4.02084 

1.31396 5.00729 1.71094 4.29633 5.65817 4.55103 1.57986 2.0576 3.83461 5.59672 
2.29481 4.91843 1.91734 5.17505 4.09209 5.12448 6.91848 5.29783 4.34604 3.73147 
5.13824 7.34584 1.80752 6.57909 1.78856 3.6938 2.37356 4.6813 2.77188 4.99322 
4.20004 4.86754 2.57856 2.92979 4.21774 3.36248 4.24218 7.61792 6.00488 4.54425 
1.93286 2.74073 4.35532 5.5175 8.38273 4.20458 3.45512 1.98169 2.76916 2.89705 
0.376034 5.08624 6.73577 0.582809 4.66318 8.43967 4.89117 4.16657 5.12148 4.35971 
5.90081 4.01338 3.54731 2.99891 2.21564 4.37682 3.35588 0.577145 4.93828 3.02891 
2.67914 1.77943 3.47508 4.58995 3.91851 3.31741 3.05075 2.44924 4.83144 4.96102 
2.24607 4.35999 3.44397 6.32436 1.15954 1.83981 7.369 5.17074 3.49083 4.2026 
3.41582 4.88721 6.96273 8.68483 0.565234 2.62278 3.10181 3.72531 1.929 3.14341 

2.51214 3.28447 4.38332 5.66297 3.46813 4.6085 0.136737 1.52292 3.67682 0.50026 
3.67882 2.60468 3.01827 4.34432 2.33194 4.07468 8.37191 5.12842 3.68411 2.50279 
1.56409 2.96911 4.66925 4.6597 6.92148 1.73254 4.55942 4.85633 3.1331 1.71272 
0.6076 4.07331 2.66186 3.15099 2.22796 3.11821 0.661855 2.42399 1.84544 3.34876 
4.7546 2.41502 2.48084 3.62223 2.87297 4.09483 2.769 1.87326 3.02717 1.95569 
3.93275 1.90301 5.81599 5.27573 3.22228 2.38595 3.90565 3.85452 4.56904 2.56524 
3.58776 5.77477 5.41811 4.98777 1.66862 1.83858 4.8294 2.41441 7.14958 2.31367 
3.90923 2.81277 3.73619 6.73301 3.63274 1.96312 2.95243 2.49899 2.73726 1.57147 
5.55338 4.18793 2.09955 2.55478 1.12023 4.32985 3.57289 3.45894 3.07921 1.60678 
3.99577 4.40767 7.18963 7.86161 3.17634 5.90075 3.48391 7.48543 4.91128 5.73441 

4.69732 1.71587 4.86863 4.52555 4.20961 1.86956 0.651812 9.28935 1.2211 1.82916 
1.44237 2.70712 2.82369 2.24528 1.92313 1.69702 1.49312 2.28948 1.12195 3.25839 
2.98408 1.64451 2.3396 2.5374 0.83186 2.32928 4.27664 3.42899 1.02659 8.2253 
1.87259 1.42786 1.84619 2.77224 3.41618 2.32012 2.47619 4.59882 3.10985 1.56585 
6.43038 1.68468 2.66567 5.38616 2.66818 1.18525 4.3214 1.42036 3.03056 2.83451 
4.64797 1.89028 3.5995 2.10782 6.38038 2.44312 2.33697 2.42635 1.65032 2.95229 
5.94423 3.09637 3.16059 3.24143 5.3107 5.58562 3.30548 1.5879 1.98516 1.1611 
1.71406 4.84514 4.26202 2.81402 1.64349 2.46079 0.882294 2.4688 1.8883 5.18904 
3.99416 0.821852 3.04767 1.04332 4.28652 2.32788 3.17663 2.24146 1.74934 1.36217 
3.01029 2.63314 3.90945 3.34572 2.28446 0.889465 2.15942 1.11519 0.74359 2.34734 

3.79437 3.14912 4.14547 2.42998 2.49524 3.50597 1.3485 3.6974 1.7645 1.91927 
3.9178 5.02859 3.2919 3.14144 1.83762 3.89922 2.43177 1.84706 3.404 3.07577 
1.76412 1.08195 2.09067 1.61921 0.591461 2.05661 1.84704 2.09716 1.7857 1.83878 
2.84041 3.03966 1.763 4.273 4.64833 2.61054 3.43088 2.47218 2.21123 3.17137 
3.27934 1.62888 1.17539 3.42701 1.36523 4.18928 2.78985 1.36086 0.472105 2.24025 
2.36001 0.639776 0.0953761 2.58386 2.35613 1.519 3.7321 0.767432 4.30739 1.99206 
2.90595 2.33706 2.28574 1.54215 1.13434 3.79208 1.2296 2.31707 2.39884 4.44224 
2.90761 1.97271 2.04152 3.66389 3.10231 0.440846 0.374916 1.41395 3.21591 4.64682 
1.93698 0.386166 2.43982 1.16324 1.86004 3.12449 0.411677 2.06297 2.66214 4.86886 
0.0824867 1.72266 4.43832 0.671947 2.52929 1.54349 1.67232 1.74841 1.80913 1.0809 

3.02803 3.23872 0.34201 1.92566 1.93757 1.43804 1.52523 0.494845 0.71955 1.30499 
1.66155 1.86307 2.78923 3.05803 2.75154 1.72995 4.95616 2.25848 1.68106 0.927633 
2.74639 4.09128 2.77397 6.36632 0.481306 0.526208 2.76431 1.48414 0.935182 3.51853 
6.75436 0.99449 2.57945 1.97321 2.03089 0.543324 2.56407 0.468722 2.70788 1.1323 
1.06274 1.34599 2.82747 1.45979 2.26334 1.09955 1.46389 1.93694 2.41403 1.06617 
4.17835 1.20075 1.40406 2.18128 4.85354 0.43399 1.43142 3.43563 1.90499 2.04234 
3.41351 2.80982 5.49465 0.938217 1.1929 2.20152 1.07437 1.92795 1.46663 2.59923 
0.777485 0.107627 3.30545 1.2297 1.26881 1.24821 2.49667 1.47073 6.99698 4.09896 
1.41442 1.10748 2.48376 2.94273 2.35512 1.1582 1.65118 3.83605 4.01155 1.49759 
3.1311 0.0404953 1.89069 1.8036 2.15341 2.85587 1.75589 1.26339 1.65554 1.67733 

