#################################### 
# Matrix Size= (50,50,50)
# Resol      = (10,10,10)
# VoxelSize  = (5,5,5)
# nbVal      = 1000
#################################### 
92 103 183 214 111 189 113 141 186 135 
99 105 86 151 156 152 228 172 176 154 
172 224 193 123 100 152 223 119 93 109 
144 92 147 76 127 181 202 115 155 204 
132 114 118 100 99 110 78 122 196 177 
234 129 178 111 136 140 106 103 136 103 
82 177 127 182 180 145 117 107 74 152 
146 123 167 92 153 174 88 129 122 151 
245 93 110 126 168 132 105 148 185 126 
132 177 175 214 121 117 120 157 213 155 

97 147 105 125 63 97 149 104 142 148 
92 96 87 132 116 99 145 95 101 151 
85 83 112 126 113 121 136 149 125 100 
130 64 120 117 127 116 97 129 84 106 
127 144 65 111 88 106 93 85 154 112 
106 110 105 81 148 100 66 132 116 83 
97 101 119 114 110 145 99 71 93 107 
140 125 85 87 103 83 124 108 82 148 
94 85 99 97 87 138 112 112 120 104 
118 121 124 105 144 133 116 123 122 94 

142 163 77 122 109 117 124 91 129 75 
57 88 86 71 110 62 93 75 117 125 
73 73 88 79 82 82 89 120 62 120 
146 153 87 78 89 50 85 119 70 91 
102 123 89 124 108 126 97 87 134 84 
90 68 97 119 90 94 113 119 135 88 
120 101 48 97 63 96 75 110 67 87 
78 104 98 84 128 79 126 74 102 104 
112 73 100 112 102 127 70 113 113 59 
76 116 116 102 75 92 90 65 70 232 

106 60 91 94 132 84 115 60 123 129 
59 107 61 73 131 116 52 59 72 33 
126 70 129 132 80 70 54 68 60 108 
97 65 76 80 90 73 67 81 79 87 
110 70 105 100 74 69 125 121 120 54 
99 129 53 74 88 115 89 89 84 80 
85 90 94 73 53 54 105 109 72 115 
108 85 71 116 93 74 54 49 44 116 
74 73 78 84 75 120 66 125 37 102 
149 144 71 88 79 56 68 134 87 85 

87 78 66 82 90 66 115 91 75 107 
132 47 82 82 74 69 75 73 114 46 
93 34 72 42 77 99 65 27 71 124 
56 45 70 83 57 61 66 75 48 85 
119 96 85 97 59 57 109 87 58 44 
92 60 69 65 59 103 90 86 60 59 
64 64 45 97 112 33 55 75 74 95 
39 31 53 58 51 77 49 53 56 65 
65 53 52 90 87 68 80 48 91 127 
75 102 112 75 85 61 71 68 84 89 

51 84 57 90 88 76 28 31 51 74 
35 66 46 58 51 83 90 73 58 43 
87 74 33 78 41 72 45 65 31 77 
84 42 33 65 61 48 65 77 71 79 
56 46 72 96 85 59 38 61 39 68 
16 65 79 25 60 127 55 44 75 51 
83 52 44 66 43 57 61 27 65 60 
60 34 64 73 70 53 40 39 74 72 
55 55 66 85 14 39 101 58 42 46 
77 65 84 96 24 55 64 55 41 57 

64 59 58 101 50 90 10 14 35 20 
45 53 37 61 23 60 85 65 53 51 
36 56 64 67 91 30 59 86 49 41 
24 57 37 59 41 43 24 56 33 50 
110 40 47 61 47 68 38 55 41 45 
64 45 86 91 63 51 57 64 57 82 
95 65 68 63 32 25 68 38 76 35 
47 37 56 80 57 41 37 41 47 46 
72 56 37 39 26 57 71 70 45 48 
55 57 82 104 90 62 46 107 79 97 

85 36 66 84 58 34 22 123 18 21 
43 45 28 53 41 26 19 39 13 42 
54 34 38 36 25 52 58 56 26 116 
20 33 33 49 37 50 45 53 34 31 
73 41 41 73 41 27 66 30 51 51 
60 33 58 34 69 45 34 40 41 38 
89 42 57 56 74 70 56 38 37 25 
44 47 49 45 27 40 43 41 27 99 
73 19 41 30 49 44 42 41 34 20 
64 54 54 37 32 33 45 23 18 43 

73 42 71 57 59 41 20 53 42 34 
50 52 46 41 31 58 37 38 40 39 
48 20 47 33 16 30 35 29 25 58 
28 49 24 61 70 46 43 25 25 64 
60 34 26 60 28 30 36 22 15 27 
33 22 9 39 39 17 36 22 50 32 
47 30 39 30 17 41 30 52 33 60 
49 20 32 50 44 24 22 30 39 55 
24 20 46 33 24 53 12 29 47 72 
3 34 67 28 36 23 43 39 24 38 

31 45 20 27 30 42 27 31 26 58 
28 30 43 52 33 46 56 50 31 21 
56 55 29 98 15 14 51 11 19 37 
66 30 43 30 41 16 35 17 32 16 
26 36 35 19 58 30 20 31 73 23 
45 16 27 35 108 34 25 59 25 27 
45 32 58 37 24 74 12 60 31 47 
11 12 37 31 26 20 45 23 103 96 
26 16 29 50 37 39 21 39 72 17 
60 3 41 23 48 39 46 16 35 35 

