# Gamma spectrum for U 235
# (first line is 1 0 to say it is a discrete spectrum)
# Two next lines : 1.173 Mev and 1.332 MeV with corresponding probabilities
# last 22 lines are the x-rays
1 0
0.03160 0.00017
0.0414 0.00029
0.04201 0.00056
0.05121 0.00034
0.0541 0.0000115
0.06445 0.00018
0.05425 0.000285
0.07270 0.00116
0.07494 0.00051
0.09609 0.00091
0.097 0.00016
0.10919 0.0166
0.11545 0.0003
0.12035 0.00026
0.13655 0.00012
0.14076 0.0020
0.14240 0.000051
0.143767 0.1094
0.150936 0.0009
0.163356 0.0508
0.173 0.00006
0.18262 0.0039
0.185720 0.571
0.194940 0.0063
0.198894 0.00036
0.20212 0.0108
0.205316 0.0502
0.21528 0.00029
0.221386 0.00118
0.22876 0.000074
0.24683 0.00055
0.23350 0.00038
0.24088 0.00074
0.255365 0.000074
0.26647 0.000078
0.27549 0.00032
0.27535 0.00051
0.28142 0.000063
0.28294 0.000063
0.28956 0.000074
0.29165 0.00040
0.3017 0.000053
0.31069 0.000094
0.31710 0.000011
0.3435 0.000032
0.34592 0.00040
0.350 0.000006
0.35603 0.000053
0.387684 0.004
0.39027 0.0004
0.41029 0.000032
0.44840 0.000011
0.089954 0.0356
0.093351 0.0576
0.104819 0.0206
0.105604 0.0206
0.106233 0.0206
0.108509 0.00685
0.108955 0.00685
0.109442 0.00685
0.011118 0.01
0.012809 0.016
0.012969 0.15
0.014511 0.0035
0.014970 0.0027
0.015605 0.038
0.015641 0.0057
0.016202 0.14
0.16426 0.0054
0.016209 0.008
0.018980 0.032
0.019505 0.0022
0.019304 0.0022
0.019599 0.0068
