#################################### 
# Matrix Size= (50,50,50)
# Resol      = (10,10,10)
# VoxelSize  = (5,5,5)
# nbVal      = 1000
#################################### 
0.119174 0.173259 0.055269 0 0.00690412 0.844024 0 0.144269 0.00872021 0 
0.812366 0.212709 0.134569 0.448114 0.470375 0 0.996279 0 0 0 
0.0409207 0.263482 0.00771983 0.0840364 0 0.316735 0.000141744 0 0 0 
0.0413324 0.680437 0.309696 0.00133556 0 0.742286 0.00174698 0.0454843 0 1.09671 
0.0149221 1.4159 0.063843 0.269735 0.0487847 0 0.0739615 0.655604 0.000109184 0 
1.1601 0.0772961 0.89105 0.122594 0.378868 0 0.0246112 0.00760759 0 0.000168064 
0.129384 7.59484e-05 0.543416 1.13029 0 0 0.171184 0 0 0.35062 
0.00726319 0.0178216 3.1389 0.134089 0.202095 0.781356 0.00105405 0 0 0 
0.0398641 0.014976 0 0 0.559753 0.00476456 0.973546 0.0625208 0 0.503213 
0.0270208 0.00305787 0.278629 0.0229043 0.0336547 0.611284 0.0616517 0.0171949 0.260113 0 

0.069366 0.02506 0.317805 0 0.127856 0 0 0.000823784 0.0925342 0 
0.00608452 0.314549 0.319256 0.310485 0.162852 0.0320871 0 0 0.729995 0 
0.642016 0.981633 0.844206 0 0 0 0.104324 0 0 0 
0.832952 0.662226 0.00342169 0 0 0.0235608 0.367913 0.111538 0.0271455 0 
0.999831 0.943873 0.118393 0.00147828 0.09559 0.578517 0 0.00259601 0.0153599 1.37663 
0.0612773 0.00892945 1.40505 0.643587 0.0100724 0.0699363 1.30474 1.68346e-05 0 0 
0.0729421 0.0601683 0.486112 0.0610035 0.0118016 0.0223575 0 0.0136126 0.0170565 6.71127e-05 
0.0603948 0.922508 0.000659055 1.25481 0.000487152 0.567761 0.369627 0 0 0.052674 
0.365082 0.0113436 0 0.0163801 0.0401315 0.00290491 0 0 0 0.111309 
0.0277062 0.251142 0 0.0183003 0.00438068 0.0341442 1.10164 0.544942 0.000160792 0 

0.0288648 0 0 0.00151801 0.0600218 0.0145054 0 0 0 0 
0.149063 0.753174 0.00036895 0.0561952 0.0378711 0.788015 0 0.819595 0.0215479 0 
0.019845 0.348008 0.495035 0.0217293 0 0 0.497157 0 0 0.0303268 
1.51967 0.00593306 0.0791949 1.56986 0 0.0144496 0.0589818 0 4.50743e-05 0.929923 
0.0309891 0.00884296 1.67349 0 0 5.97122e-06 0 0 0.0390498 0 
0.00828968 0.446368 0.101017 1.79223 0.220341 0.0198734 0.10107 0.0125176 0 0.51342 
0.738242 0.150673 0.0249289 1.17795 0.0271188 0.0734788 0.409661 0.002264 0.0136274 1.31119 
0.425776 0 0 0 0.0683437 0.0148572 0.11777 0.45965 0 0 
0.0172978 0.00485919 1.77568 0.181767 0.519395 0 0.78957 0.0163645 0.074881 0.111334 
0.523935 0.0796866 0.130594 2.05286e-06 0 0 0.0991317 0 0 0 

0.830401 0.04684 1.85049 0.0225155 0.920932 0 0.0065998 0 0 0.401035 
1.34394 0.000167465 0.00776436 0.000230798 0 0.0712972 1.15001 0.311381 0.131816 0 
0.0799677 2.19353e-06 0.0362899 0.287532 0.00133204 0 0 3.25929e-05 0 0 
0.0852359 0.0377607 0.0862162 0.128253 0.0811562 0 0 0.120903 0.456233 0.116033 
0.0716661 0.00483267 0.00117912 0.247297 0.506294 0.106 0.0291767 0.0151873 0.0167315 1.62072e-05 
0.0769324 0.0831641 0.661826 0.0011446 0.00815481 0.0258882 0.000129931 0 0.000764484 1.26537 
0.0194712 0.68721 0.0902806 0.000406024 0.0303331 0.297567 0.0430208 1.38373 0.762911 0 
0.0216371 0.0145686 0.0659188 1.3172 0 0.0709201 0 0.283428 0.0635525 0 
1.43259 0.0327738 0.217804 0.349238 0.885397 0.00302587 0.71047 0.62666 0 0.0284363 
0.012907 0.0720256 1.31316 1.83309 0.331963 1.04881 0.0105542 0.0107621 0 0 

0.481873 0 1.74246 0.00172117 0.434069 0 0 0.0284277 0 0.0045295 
0.012903 0.800855 0.65654 0 0.12308 0.295964 0.151565 0 0 0 
0.157223 0.0156323 0 0.0483448 0.0128763 0.527191 0 0.000931453 0 0.331939 
0.0781795 0.0915736 0 0.776358 0.0381574 0.0645218 0 0.0546218 0 0 
0.101595 0.499649 0.203578 0 0.805901 0.0591548 0.00225976 0.00716851 0.0194431 0 
0.567269 0.0971771 0 0 0.0518861 0.217126 0 1.72914 0 0 
0.206637 0.464279 0 0.0625859 0.0463497 0.0568273 0 0.00105144 0.26938 0 
0.06684 0.117139 0.0534024 0 0.000898251 0.0231876 0.286701 0 0.0829009 0.425278 
0.469599 0.031365 0.265487 0.978732 0 0.361308 0.00748729 0 0.0169431 0 
0.37793 1.14521 0.066708 0.0216799 0.331115 0.0258906 0.0154342 0.00875905 0.00557063 0 

0.12967 0.633097 0.0162248 0 0.00512565 0.00199679 0 0.00534127 0.39544 0 
0.081415 0.0971675 0.864762 0 0.0681134 1.27114 0.200158 0.0501537 0 0 
0.0478629 0.0469703 0.601484 0.521789 0.247338 0.0208975 0.216415 0.0197221 0.0225645 0 
0.0803608 0 8.01591e-06 0.275549 0.917782 0 0 0.362982 0.0750062 4.74803e-05 
0.185042 0.0687725 0.0288847 0.53683 0.0486796 0.0305384 0 0.0300048 0 0.0163384 
0.0765834 0.000187539 0.302518 0.0276671 0.0556493 1.98371 0 0.00962939 0 0 
0.0200538 0.0155654 0.689985 0.0524264 0.0146692 0.00293871 0.0102427 0.0352091 0 0 
0.624526 0.707903 0.460583 1.15002 0.00485129 0.540426 0.00488595 0 0 0 
0.106297 0.00775896 0.208324 0.0187695 0.90684 0.807771 0.00693736 0.0690089 0 0 
0.0817438 0 0.241764 0 0.000153702 0.194045 0.0161648 0 0 0.587769 

0.0399617 0.000260099 0.00467208 1.42296 0.698686 0.000353816 0.0538482 0 0.553747 0.215876 
0.0315162 0.0382559 0.0194132 0.806615 0.0385809 0.90035 0 0.216072 0 0 
0.830554 0.0457061 0.00344624 0.0715147 0 0.0167661 0.387044 0.0415427 0.000197415 0.000240576 
0.0733734 0.200743 0.0167076 0.0254743 0 0.423254 0 0.759961 0 0.766379 
0.158855 0.334437 0 0 0 0.0461954 0 0 0 0 
0.0167746 0.805487 0 0.518403 0 0 0.0325913 0.347003 0 0.0778812 
0.0214673 0.00235049 0.707503 0.00457667 0.847466 2.19747 0.0819815 0 0.0277453 0 
0.157218 0.4858 0.00686637 0.0145041 0.034518 0.340944 0 0.360486 0.614638 0.0936073 
1.3864 0 0.00255538 0.421377 0.867819 0.0241264 0.007075 0.594082 0.027919 0.146875 
0.0151244 0.257235 0 1.44507 0.810979 0.117738 0.0031143 0.307589 0 0 

0.36283 0.28381 0.00789978 0.104228 0.00340511 0 0.0224158 0.00150368 0 0 
1.24245 0.499199 1.37649 0 0.122467 0 0.405573 0.473428 0 0.0120711 
0.0289586 0.000374204 0 0 0.025095 0.074761 0 0 1.12272 0 
0.0344051 1.04257 0.0145882 0.026937 0.0620729 0 0.000460039 0 0.031931 0.0426102 
0.0200791 0.0288039 0.62208 0 0.0456241 0.315594 0 0.346537 0.37741 0 
0.291346 0.689144 0.0302845 0.0299916 0.0115034 2.46986e-05 0.0779272 0.0244022 0.0155323 0.260132 
0.0885047 0.0329548 0.0371111 0.656329 0.112928 0.0115736 0 0 0.38816 0 
0.144743 0.0326426 0.0252704 0.0520239 0.107134 0.206484 1.03373 0 0 0 
1.32553 0.0124695 0.353001 0.251974 1.05366 1.13664 0 0.00101619 0.239959 0 
1.03712 0.0070541 0.0104606 0.875874 0.105037 0.101162 0 0.0371605 0.00359378 0 

0.176655 0.0384924 1.08679 0.85553 0 0.820169 0 0.00163227 0.00373359 0 
0.0648594 0.3889 0.170903 0.224319 0 0.0043454 0.0101218 0.863875 0.0724552 0 
0.259451 0.0314393 0.0176698 0.0198142 0.0657839 0 0.0178294 0.0853314 0 0 
0.473132 0.0578218 0.37586 0.496524 0 0.000490674 0.0383182 0.0424138 0.029634 0 
1.32549 0.0388416 0.00106636 0.00297252 0.0108616 0.853576 1.5524 0 0 0 
0.0207977 0.0260988 0.00980639 0.0058572 0.000847896 0.0454879 0 0.736225 0.0284607 0.880212 
0.827875 0.159321 0.0329666 0.18894 0.598843 0.0289367 0 0 0.0128027 0 
0.875906 0.0997603 0.158374 0.00976238 0.00639118 0.789116 0 0 0 0 
0.0746061 0.0129646 0.530666 0.107911 0.402079 0.426788 0.00902355 0.0076999 0.00954433 0 
0.00456448 0.014735 0.0347664 1.06949 1.06535 0.114609 0.179096 0 0 0.0337939 

0.0339001 0.0602499 0 0.0387047 0.0296032 0.00952808 0.621384 0 0.0795697 0.153492 
0.180855 0.00559734 9.69083e-05 0.0488266 0 0 0.0906447 0.119796 0.0110631 0 
0.0413457 0.0356498 0.848706 0.00840746 0.0445933 0 0.190419 0.460758 0.1704 0 
0.16056 1.03337 0.15324 0.0526266 1.25713 0.0572834 0 0 0 0.053184 
0.00889329 0.000462891 0.630678 0.00187387 0.297156 0.000383909 0.13842 0.602776 0 0 
0.0111782 0.377757 0.594735 0 0.00337073 0.0015034 0.00124614 0.188132 0.451139 0.210934 
0.26232 0.228071 1.06066 0.923645 0.00221907 0 0 0 0.081071 0 
1.06871 0.0371523 0.0331051 0.638108 1.43632 0.000107555 0 0.0276251 0 0 
0.0179691 0.0536047 0.531642 1.10535 0.75109 0 0.0654728 0.0499831 0.185881 0 
0.252588 0.546151 0.0375703 0.470254 0.0128368 0 0.673512 0 0 0 

