#################################### 
# Matrix Size= (50,50,50)
# Resol      = (10,10,10)
# VoxelSize  = (5,5,5)
# nbVal      = 1000
#################################### 
7 10 6 0 1 21 0 7 1 0 
17 13 6 5 9 0 9 0 0 0 
6 14 3 7 0 7 1 0 0 0 
8 11 11 2 0 9 1 4 0 7 
5 11 9 12 8 0 3 6 1 0 
23 6 23 10 4 0 2 2 0 3 
10 1 8 17 0 0 17 0 0 5 
4 2 27 7 8 10 1 0 0 0 
5 2 0 0 8 2 7 3 0 12 
3 1 5 2 5 10 3 3 12 0 

10 4 8 0 6 0 0 1 5 0 
4 7 9 6 7 5 0 0 12 0 
23 6 7 0 0 0 3 0 0 0 
23 6 1 0 0 4 9 3 3 0 
23 14 4 1 6 10 0 1 2 9 
10 3 22 10 4 7 12 1 0 0 
12 6 5 6 1 2 0 3 2 1 
3 12 2 11 1 6 7 0 0 3 
25 3 0 2 2 3 0 0 0 6 
4 9 0 5 1 4 10 8 1 0 

5 0 0 1 5 4 0 0 0 0 
10 9 1 5 4 7 0 10 2 0 
6 19 6 2 0 0 9 0 0 3 
20 2 7 17 0 3 2 0 1 8 
6 3 22 0 0 1 0 0 3 0 
5 13 6 9 6 2 4 1 0 10 
10 10 3 17 4 5 10 1 2 17 
13 0 0 0 10 2 6 6 0 0 
3 2 17 9 10 0 9 2 4 5 
19 4 7 1 0 0 6 0 0 0 

10 3 17 2 8 0 2 0 0 9 
18 1 2 1 0 8 7 4 4 0 
5 1 4 16 1 0 0 1 0 0 
14 6 8 5 4 0 0 4 5 8 
7 2 1 8 6 3 3 2 2 1 
17 8 10 1 2 2 1 0 1 13 
3 12 8 1 4 8 2 11 8 0 
4 2 8 11 0 6 0 9 3 0 
24 5 7 11 14 1 16 6 0 3 
4 4 23 13 8 8 2 2 0 0 

35 0 50 1 6 0 0 2 0 1 
4 20 13 0 14 10 5 0 0 0 
7 3 0 6 3 10 0 2 0 7 
11 6 0 9 4 6 0 4 0 0 
14 13 6 0 6 6 1 3 3 0 
10 8 0 0 3 7 0 15 0 0 
18 10 0 5 3 3 0 1 10 0 
8 6 6 0 1 3 8 0 5 5 
17 3 15 14 0 6 2 0 3 0 
8 8 6 4 8 4 2 1 2 0 

5 6 7 0 1 1 0 6 18 0 
12 3 14 0 6 11 5 6 0 0 
8 8 9 10 5 2 5 3 4 0 
3 0 1 13 10 0 0 4 4 1 
6 8 4 12 5 2 0 4 0 2 
5 2 8 3 6 16 0 1 0 0 
5 5 15 4 2 1 2 4 0 0 
12 10 14 8 3 7 1 0 0 0 
13 2 12 2 10 6 1 4 0 0 
8 0 6 0 1 11 4 0 0 11 

5 1 1 16 9 1 7 0 5 6 
7 5 3 10 5 12 0 5 0 0 
9 4 1 9 0 2 11 6 1 2 
9 9 3 5 0 7 0 6 0 8 
5 5 0 0 0 4 0 0 0 0 
2 14 0 6 0 0 5 8 0 8 
3 2 20 1 16 21 5 0 4 0 
19 6 5 2 6 7 0 5 6 3 
18 0 1 8 11 4 2 11 3 4 
2 13 0 16 20 8 1 4 0 0 

24 12 1 6 3 0 2 2 0 0 
13 13 8 0 4 0 5 5 0 1 
6 2 0 0 3 3 0 0 10 0 
3 12 2 4 3 0 1 0 3 3 
4 4 11 0 4 4 0 4 5 0 
10 17 3 2 3 1 7 2 2 6 
4 8 4 11 10 2 0 0 8 0 
42 7 2 4 6 8 10 0 0 0 
18 3 6 9 15 11 0 1 10 0 
44 1 2 13 5 5 0 3 1 0 

12 6 8 11 0 7 0 1 1 0 
7 14 5 8 0 2 1 6 3 0 
9 4 3 4 4 0 2 5 0 0 
32 6 9 7 0 1 4 3 3 0 
21 6 1 1 2 7 13 0 0 0 
2 4 1 1 1 3 0 8 4 6 
10 6 2 11 12 2 0 0 1 0 
26 10 6 2 1 11 0 0 0 0 
7 1 6 6 13 14 2 1 1 0 
2 4 3 11 12 10 6 0 0 3 

3 7 0 2 2 1 8 0 3 23 
19 2 1 3 0 0 6 15 1 0 
6 3 12 1 4 0 25 11 4 0 
10 23 8 3 15 5 0 0 0 2 
3 2 9 5 9 2 9 12 0 0 
24 24 8 0 1 1 1 12 14 4 
11 4 11 9 1 0 0 0 3 0 
16 5 5 5 15 1 0 2 0 0 
3 4 7 13 11 0 3 3 7 0 
29 14 4 6 1 0 9 0 0 0 

