#################################### 
# Matrix Size= (50,50,50)
# Resol      = (10,10,10)
# VoxelSize  = (5,5,5)
# nbVal      = 1000
#################################### 
0.526953 0.601787 0.332388 0 0.083091 0.918708 0 0.603117 0.0933821 0 
1.44884 0.845229 0.421933 0.669413 0.808384 0 1.08368 0 0 0 
0.306439 0.959558 0.0922138 0.394332 0 0.562792 0.0119056 0 0 0 
0.320971 1.24559 0.944668 0.0365454 0 1.17427 0.0417969 0.213271 0 1.04724 
0.164091 1.48908 0.352354 0.879601 0.31983 0 0.271959 0.809694 0.0104491 0 
2.03082 0.481203 1.62217 0.591834 0.615523 0 0.156879 0.0872215 0 0.012964 
0.603954 0.00871484 0.980951 1.82028 0 0 0.565033 0 0 0.592132 
0.120197 0.183672 3.02555 0.451941 0.64815 0.921945 0.0324661 0 0 0 
0.349084 0.122376 0 0 0.96687 0.0911725 1.02809 0.250041 0 0.709375 
0.210446 0.055298 0.527854 0.151342 0.25938 0.79753 0.248298 0.131129 0.510013 0 

0.472976 0.202673 0.791662 0 0.35757 0 0 0.0287016 0.388857 0 
0.101591 0.672041 0.821376 0.557212 0.403549 0.179129 0 0 0.854398 0 
1.21702 0.990774 0.918807 0 0 0 0.322992 0 0 0 
1.24491 0.813773 0.0584952 0 0 0.165642 0.606559 0.333974 0.164759 0 
1.99741 1.25981 0.370894 0.0384484 0.423003 1.04625 0 0.050951 0.123935 1.18486 
0.600513 0.130854 1.9348 1.0101 0.114361 0.369445 1.57877 0.004103 0 0 
0.638684 0.271681 0.697217 0.344794 0.108635 0.149524 0 0.116673 0.130601 0.00819223 
0.245753 1.25535 0.0363058 1.28528 0.0220715 0.753499 0.62972 0 0 0.229508 
1.01401 0.108558 0 0.127985 0.200328 0.0760383 0 0 0 0.470045 
0.222728 0.517412 0 0.135278 0.0661867 0.184781 1.04959 0.82986 0.0126804 0 

0.300218 0 0 0.0389617 0.287017 0.120439 0 0 0 0 
0.737128 1.07323 0.0192081 0.328126 0.194637 0.887702 0 1.14405 0.146792 0 
0.272701 1.30007 0.703587 0.147409 0 0 0.880536 0 0 0.2079 
2.06724 0.0770264 0.425056 1.75962 0 0.134256 0.242862 0 0.00671374 1.04737 
0.295321 0.111135 2.30526 0 0 0.00244361 0 0 0.19761 0 
0.152071 1.01797 0.527252 1.46155 0.469405 0.140973 0.317916 0.111882 0 0.993595 
1.05698 0.545858 0.157889 1.41966 0.195628 0.372737 0.90613 0.0475815 0.116736 1.57846 
1.04135 0 0 0 0.477142 0.12189 0.464099 0.731347 0 0 
0.196352 0.0874877 2.00639 0.707859 0.915571 0 0.904455 0.179502 0.303645 0.471813 
1.53921 0.282288 0.365196 0.00143278 0 0 0.421081 0 0 0 

1.09521 0.216426 2.14283 0.150052 1.00236 0 0.0812392 0 0 0.633274 
1.56316 0.0129408 0.124478 0.0151921 0 0.299084 1.07239 0.558015 0.363065 0 
0.284723 0.00148106 0.254451 0.908018 0.0364972 0 0 0.00570902 0 0 
0.787149 0.360134 0.444536 0.366531 0.284879 0 0 0.347712 0.67545 0.358136 
0.47123 0.0937803 0.0343383 0.700323 0.711543 0.325576 0.23999 0.143222 0.12935 0.00402582 
0.738954 0.491412 0.864558 0.033832 0.107848 0.160898 0.0113987 0 0.0276493 1.29788 
0.176849 0.923646 0.512866 0.02015 0.202909 0.759738 0.207415 1.29312 1.03475 0 
0.237115 0.120701 0.433988 1.25163 0 0.347823 0 0.650259 0.252096 0 
2.33001 0.181035 0.598491 0.892718 1.28119 0.0550079 1.27687 0.791619 0 0.168631 
0.138264 0.321389 2.27791 1.73604 0.663713 1.02411 0.110115 0.103741 0 0 

1.24359 0 1.94373 0.041487 0.706512 0 0 0.168605 0 0.0673015 
0.191698 1.57734 1.01245 0 0.759794 0.916824 0.434589 0 0 0 
0.431727 0.149246 0 0.341122 0.117363 0.899801 0 0.0354417 0 0.576141 
0.537796 0.302611 0 1.0823 0.255869 0.347826 0 0.257679 0 0 
0.560704 1.07183 0.451197 0 0.89772 0.270595 0.0475369 0.090813 0.147219 0 
0.946618 0.510768 0 0 0.227785 0.67783 0 1.88725 0 0 
1.19235 0.685112 0 0.250172 0.294699 0.238385 0 0.032426 0.676565 0 
0.355188 0.438851 0.343108 0 0.0299708 0.152275 0.747248 0 0.397196 0.652134 
1.37151 0.246012 1.16893 1.47242 0 0.627107 0.0869239 0 0.130166 0 
0.667809 1.13179 0.358203 0.179349 0.605542 0.177361 0.172903 0.0935898 0.0746367 0 

0.455423 0.795674 0.127377 0 0.0715936 0.0446854 0 0.073084 0.62884 0 
0.667862 0.311717 0.929926 0 0.353573 1.35858 0.530197 0.341273 0 0 
0.417657 0.380953 0.854874 1.04376 0.497331 0.14456 0.471531 0.140435 0.170939 0 
0.28348 0 0.00283124 0.746643 1.11504 0 0 0.60248 0.289105 0.0068906 
0.60828 0.418246 0.237778 1.13531 0.287767 0.174753 0 0.173219 0 0.127822 
0.457568 0.0190927 0.777203 0.181181 0.396577 1.78872 0 0.0981294 0 0 
0.232726 0.156213 1.38186 0.228968 0.121116 0.0542099 0.101206 0.265238 0 0 
0.881129 1.08917 0.95951 1.15158 0.0910785 0.735137 0.0698996 0 0 0 
0.566054 0.0940456 0.713475 0.137002 0.952282 0.898761 0.0832908 0.264569 0 0 
0.439536 0 0.491695 0 0.0123977 0.696878 0.127141 0 0 1.08392 

0.304756 0.0161276 0.0683526 1.84944 0.907238 0.01881 0.342466 0 0.744142 0.567903 
0.323392 0.223099 0.139331 1.03566 0.235871 1.25156 0 0.507497 0 0 
1.10766 0.295501 0.0587047 0.477176 0 0.129484 0.941766 0.299299 0.0140505 0.0155105 
0.49896 0.729742 0.140802 0.18451 0 0.650579 0 0.871757 0 0.984639 
0.398566 0.596425 0 0 0 0.214931 0 0 0 0 
0.182973 1.35937 0 0.746716 0 0 0.180531 0.759068 0 0.321362 
0.192682 0.061791 1.45314 0.0676511 1.47621 2.27189 0.292816 0 0.235552 0 
0.474015 0.696994 0.146959 0.120433 0.351178 0.613922 0 0.600405 0.783988 0.305953 
1.98811 0 0.0505508 0.649136 0.931568 0.155327 0.0955568 1.05115 0.226348 0.383243 
0.173092 0.793304 0 1.4929 1.84113 0.475236 0.0558059 0.554607 0 0 

0.710346 1.08019 0.0888807 0.456277 0.0741243 0 0.211733 0.0387774 0 0 
1.54317 0.994563 1.17324 0 0.349952 0 0.636846 0.688061 0 0.109868 
0.265756 0.0208731 0 0 0.223655 0.273425 0 0 1.05959 0 
0.185486 1.34357 0.168017 0.261855 0.249144 0 0.0214485 0 0.178693 0.289805 
0.180235 0.267521 1.08036 0 0.294923 0.561778 0 0.588674 0.614337 0 
0.817059 1.3756 0.190007 0.173181 0.13552 0.00496977 0.387965 0.156212 0.124629 0.510032 
0.352788 0.337296 0.238168 0.857448 0.543722 0.138869 0 0 0.755795 0 
0.912146 0.353555 0.158967 0.228087 0.328753 0.64621 1.15845 0 0 0 
1.35448 0.144207 0.594139 0.699512 1.32535 1.17098 0 0.0318778 0.839175 0 
1.8469 0.0839887 0.117466 1.44372 0.458218 0.421549 0 0.192771 0.0599482 0 

0.843234 0.294317 1.15918 0.924948 0 0.925022 0 0.0404014 0.0611031 0 
0.429665 0.965349 0.445721 0.662715 0 0.0896504 0.100607 0.929449 0.269175 0 
0.744457 0.239055 0.227596 0.175463 0.256484 0 0.133527 0.336465 0 0 
1.04486 0.321852 0.683686 0.704645 0 0.0221512 0.27321 0.205946 0.172145 0 
1.43253 0.276451 0.0326551 0.0545208 0.143857 0.926576 1.68174 0 0 0 
0.202352 0.224578 0.0990272 0.0765323 0.0291187 0.213279 0 0.858035 0.237641 0.938196 
0.977068 0.512413 0.181567 0.628463 1.2013 0.170108 0 0 0.113149 0 
1.25064 0.621791 0.514652 0.132171 0.0799448 1.25652 0 0 0 0 
0.444153 0.113862 0.728469 0.434028 1.02662 1.10248 0.128013 0.0877491 0.0976951 0 
0.0675609 0.17628 0.186457 1.19788 1.20983 0.539474 0.537153 0 0 0.183831 

0.315349 0.421663 0 0.196735 0.172056 0.0976119 0.924195 0 0.282081 0.391781 
0.828992 0.0876024 0.0098442 0.220967 0 0 0.330892 0.346115 0.105181 0 
0.298518 0.188812 0.975153 0.0916922 0.298537 0 0.534562 0.959812 0.412796 0 
0.713298 1.31382 0.544074 0.229405 1.9562 0.286664 0 0 0 0.230617 
0.130577 0.0215149 0.96736 0.0754372 0.680386 0.0273921 0.405828 0.925832 0 0 
0.234127 0.898329 0.77119 0 0.058058 0.0387737 0.0353007 0.540656 0.921375 0.459276 
0.67855 0.477568 1.3193 1.07959 0.047107 0 0 0 0.28473 0 
1.12685 0.271042 0.222424 0.798817 1.69833 0.0103709 0 0.166208 0 0 
0.134049 0.287694 0.837199 1.33001 1.12227 0 0.255877 0.223569 0.594721 0 
1.01674 1.24325 0.193831 0.68575 0.1133 0 0.820678 0 0 0 

