#################################### 
# Matrix Size= (50,50,50)
# Resol      = (10,10,10)
# VoxelSize  = (5,5,5)
# nbVal      = 1000
#################################### 
47 22 1 48 34 10 41 31 3 4 
28 14 4 14 12 42 6 48 15 11 
21 20 43 28 23 10 22 38 32 21 
29 26 37 34 8 41 24 38 16 6 
8 9 26 47 19 16 8 14 30 6 
51 23 14 27 16 21 61 15 23 45 
27 10 16 12 43 27 45 21 31 21 
11 7 31 14 20 19 41 13 40 33 
33 10 1 11 21 53 16 27 30 39 
14 8 50 28 9 19 3 28 28 18 

9 14 27 22 29 1 0 13 1 19 
12 12 7 24 10 21 20 22 14 26 
21 5 8 16 12 30 3 27 19 18 
17 22 3 7 22 5 15 23 35 10 
22 23 37 8 18 34 15 1 21 25 
12 21 16 36 10 14 13 14 23 44 
14 19 3 14 27 18 9 10 21 30 
19 14 7 17 3 30 18 11 17 30 
11 24 13 5 12 24 26 13 20 26 
28 15 21 6 12 10 15 13 14 3 

6 38 27 9 8 28 9 12 6 14 
12 2 5 12 15 28 5 14 10 28 
15 16 16 22 13 17 11 10 33 29 
16 6 19 12 12 6 7 15 6 24 
3 11 30 23 14 19 16 23 19 12 
28 0 5 8 11 12 24 45 23 24 
26 17 23 21 12 21 10 17 22 35 
15 3 14 9 12 15 4 12 13 25 
28 9 49 22 19 8 10 7 6 16 
10 8 24 15 26 41 25 29 16 0 

35 30 18 7 13 19 9 3 1 0 
12 3 6 11 19 11 10 9 27 0 
22 5 7 23 22 12 15 17 3 19 
9 17 14 16 15 7 11 20 0 9 
18 28 11 34 12 23 15 16 19 6 
26 2 13 9 32 11 9 19 16 39 
8 16 15 5 5 14 2 25 13 20 
20 5 15 2 20 3 21 15 13 24 
0 15 12 14 33 16 12 6 0 6 
25 8 21 5 9 55 19 4 5 47 

4 2 21 0 18 9 13 10 3 4 
23 3 9 18 11 7 16 4 6 7 
17 41 4 16 22 5 10 5 23 29 
4 12 1 24 32 26 8 27 7 3 
18 22 4 15 9 2 19 26 9 11 
5 22 5 15 9 4 23 4 3 11 
13 27 33 13 12 15 14 13 23 11 
55 22 7 30 18 5 9 13 29 27 
11 15 6 2 13 23 7 13 11 1 
3 10 12 1 13 32 27 26 42 0 

8 5 9 9 4 14 4 17 11 11 
12 12 16 30 6 12 14 28 19 15 
0 21 11 19 10 9 12 20 8 9 
12 11 28 12 43 15 23 4 26 17 
6 7 20 10 12 19 20 2 9 18 
17 1 3 21 3 15 2 6 0 8 
0 10 26 11 14 9 13 8 5 2 
19 18 34 5 13 11 4 2 10 14 
38 19 22 6 0 6 23 10 9 15 
12 1 5 30 19 23 27 16 8 13 

0 4 26 12 12 0 7 12 5 3 
12 11 3 14 17 3 12 9 5 21 
10 24 5 1 5 11 3 2 15 14 
2 15 17 11 16 1 8 3 3 4 
17 0 7 12 18 19 18 9 4 8 
29 7 14 2 10 1 6 18 13 14 
12 5 8 8 20 15 3 15 4 11 
10 18 13 17 12 6 22 17 0 32 
2 7 8 17 9 9 0 13 7 6 
18 6 6 23 8 7 26 8 12 6 

19 0 10 7 15 6 1 6 18 7 
4 8 14 13 9 3 3 1 0 9 
16 34 16 15 18 4 15 8 20 0 
8 4 41 3 6 14 4 6 0 1 
10 0 29 19 8 23 25 8 6 17 
2 3 13 15 9 38 16 0 10 15 
7 1 1 7 22 15 3 8 13 29 
11 8 4 2 13 3 21 25 0 7 
2 8 12 17 8 11 21 6 19 20 
0 27 0 1 29 4 12 6 12 13 

10 0 12 0 35 2 29 0 2 27 
5 3 18 0 8 0 8 0 5 0 
9 3 27 1 14 12 15 0 6 28 
13 8 1 16 1 13 10 14 2 0 
18 31 18 19 19 8 0 6 7 0 
9 2 0 0 8 3 4 10 5 13 
6 9 7 5 1 7 14 5 9 2 
4 3 9 14 3 14 8 3 11 12 
15 0 0 8 1 8 2 6 15 2 
0 14 7 0 0 0 4 0 14 6 

0 15 5 20 0 0 26 27 10 7 
0 0 19 25 3 20 4 26 0 0 
8 7 3 9 35 7 8 11 8 11 
3 19 6 13 4 3 13 13 4 8 
7 7 1 9 31 0 0 14 1 0 
1 6 2 3 0 1 0 2 19 0 
7 2 6 8 14 14 14 1 5 28 
15 21 0 20 13 13 21 8 4 14 
9 3 3 17 22 10 0 8 5 0 
7 13 23 26 0 49 13 0 22 7 

