#################################### 
# Matrix Size= (50,50,50)
# Resol      = (10,10,10)
# VoxelSize  = (5,5,5)
# nbVal      = 1000
#################################### 
50 41 37 79 64 19 93 33 13 8 
56 14 26 30 20 48 32 73 23 26 
25 26 82 85 23 50 76 41 43 33 
35 45 69 74 21 76 84 65 24 26 
29 45 67 63 44 42 41 34 74 30 
59 27 18 64 22 24 71 54 66 70 
69 65 44 29 72 50 50 28 84 51 
33 25 38 48 39 26 52 53 47 59 
47 43 18 36 41 64 38 31 45 40 
44 41 80 74 40 33 30 33 43 30 

36 43 52 52 40 13 31 24 60 19 
19 19 23 55 25 42 30 49 37 57 
45 15 17 33 49 45 18 70 39 37 
42 33 19 9 54 12 37 71 78 34 
44 45 58 31 32 65 33 21 51 39 
34 43 32 44 34 39 22 47 32 62 
25 30 13 31 49 46 19 11 38 47 
48 24 20 22 15 53 37 33 42 30 
24 39 39 26 36 43 49 26 41 40 
29 23 39 15 30 14 15 58 16 16 

24 47 61 41 13 40 13 17 19 37 
16 12 30 29 19 44 27 30 43 33 
20 22 23 35 21 29 40 29 73 30 
30 44 43 18 21 25 13 26 34 55 
38 11 33 44 30 46 43 26 40 57 
39 8 12 20 35 14 43 62 37 40 
47 46 24 49 39 21 13 18 39 45 
22 3 24 37 25 39 21 23 18 36 
54 20 63 46 56 34 23 38 11 41 
12 22 46 31 60 58 56 46 18 1 

41 78 39 14 15 42 23 10 7 26 
12 9 31 28 26 18 16 40 50 17 
22 10 18 30 34 31 43 22 11 31 
19 20 30 32 27 32 11 30 21 24 
47 32 21 54 40 40 22 25 48 15 
28 20 33 27 53 18 25 22 41 66 
26 32 30 33 11 31 4 33 24 39 
39 17 25 6 41 9 37 29 30 30 
33 18 33 25 51 39 36 18 10 19 
60 20 26 24 18 77 39 12 29 53 

30 4 39 16 26 40 22 18 3 45 
37 3 10 47 24 21 24 7 9 19 
34 64 8 24 36 10 21 15 55 79 
20 13 15 39 54 36 18 36 16 27 
23 39 15 41 33 3 27 41 13 27 
17 36 20 21 22 28 60 14 16 26 
15 36 47 49 26 16 42 16 47 18 
63 45 12 46 36 24 23 32 55 28 
41 35 18 13 29 33 11 31 24 21 
12 22 29 13 20 34 27 44 69 37 

46 15 21 27 17 26 35 22 20 45 
21 23 38 45 21 29 32 47 33 17 
8 22 56 20 31 30 15 20 20 31 
24 42 42 25 50 16 44 16 40 28 
14 23 33 10 17 23 23 20 18 25 
24 17 11 32 5 40 6 25 7 59 
22 26 38 20 21 21 28 27 11 15 
49 25 51 43 20 27 20 13 27 23 
53 37 38 30 28 8 34 14 50 45 
17 11 9 37 19 25 38 46 27 34 

20 12 26 48 21 22 24 58 18 14 
12 31 19 18 28 24 27 37 10 28 
22 41 6 10 20 27 3 2 17 14 
12 32 31 22 27 11 32 12 10 19 
27 9 10 40 26 24 29 25 6 9 
36 22 14 26 28 11 12 18 15 14 
12 10 12 22 23 57 41 29 19 27 
26 24 22 29 22 16 33 31 20 43 
9 7 8 29 11 21 21 13 8 18 
18 6 30 29 11 7 33 27 12 29 

19 9 14 8 36 35 16 19 25 19 
19 12 29 29 9 3 10 16 1 13 
28 36 33 24 24 21 18 22 22 8 
9 5 42 8 11 34 4 6 7 7 
25 12 56 35 12 24 35 19 7 22 
2 7 27 32 10 43 41 2 15 21 
16 5 30 7 22 25 12 14 25 61 
34 23 31 15 24 9 52 41 5 9 
2 33 12 28 13 38 24 6 36 54 
11 31 12 2 41 4 14 31 23 13 

11 12 21 18 44 16 39 60 2 27 
10 11 32 0 13 5 18 17 5 16 
42 14 42 21 22 15 25 12 8 38 
36 16 5 21 4 17 18 20 14 27 
20 37 34 27 25 8 4 12 15 6 
23 8 8 1 21 14 4 10 5 13 
14 32 10 5 12 7 14 17 21 10 
23 4 24 17 23 19 16 6 11 32 
33 2 10 20 8 19 22 8 15 2 
0 30 22 7 14 19 23 14 33 6 

3 21 12 28 5 4 33 28 18 19 
9 4 24 25 3 25 4 33 9 26 
8 9 6 9 50 31 9 12 37 11 
3 27 6 13 20 41 71 15 6 8 
9 34 10 13 50 2 12 21 2 0 
2 11 15 9 1 12 9 17 30 4 
14 36 16 38 18 27 14 13 8 40 
28 35 4 31 36 15 39 14 6 14 
26 30 13 20 54 12 15 11 5 18 
27 18 51 26 11 53 20 26 33 16 

