#################################### 
# Matrix Size= (50,50,50)
# Resol      = (10,10,10)
# VoxelSize  = (5,5,5)
# nbVal      = 1000
#################################### 
39 0 0 0 22 0 11 0 0 0 
0 0 1 0 8 13 6 0 0 6 
12 1 14 6 0 0 7 0 9 11 
2 0 15 2 0 3 12 3 4 5 
3 6 0 17 5 7 0 7 15 0 
31 6 5 0 15 2 0 0 0 20 
0 0 0 3 11 1 0 0 8 0 
0 4 4 0 1 2 14 3 24 7 
12 1 1 11 0 14 0 3 0 8 
8 6 2 4 0 6 0 7 0 12 

2 0 0 1 11 1 0 4 0 0 
0 0 3 0 1 0 6 0 5 5 
1 0 0 0 8 5 0 4 9 0 
7 16 0 0 14 0 2 0 6 2 
0 5 7 0 0 3 5 0 5 1 
3 0 11 16 0 10 0 4 11 22 
0 0 3 0 0 2 1 0 7 0 
5 8 6 0 0 7 1 4 0 0 
0 1 5 0 0 0 1 1 7 2 
4 5 13 4 0 0 0 0 0 0 

6 0 0 0 0 3 0 0 0 3 
12 0 0 0 6 7 5 0 1 4 
3 0 0 3 6 0 1 0 5 4 
10 0 0 7 0 0 0 0 5 14 
0 1 9 1 0 5 7 8 0 9 
0 0 0 0 0 0 12 5 2 4 
1 8 0 12 4 5 0 1 0 3 
11 3 1 2 5 3 1 6 0 0 
0 9 8 17 3 0 0 0 1 0 
0 0 13 7 0 6 3 7 0 0 

27 4 0 7 2 0 0 3 0 0 
10 0 0 0 1 0 5 6 10 0 
9 0 0 10 15 0 0 2 0 3 
6 3 4 0 8 0 0 8 0 0 
7 0 6 8 0 0 7 0 1 0 
2 0 0 9 7 0 4 5 1 0 
0 4 1 4 5 0 0 0 4 5 
5 5 4 0 8 3 0 0 5 7 
0 12 12 4 6 3 8 0 0 0 
4 8 12 0 0 12 7 4 0 0 

0 2 4 0 3 0 1 9 0 0 
0 0 6 4 0 1 3 0 3 0 
0 9 0 0 4 0 3 2 0 7 
0 0 0 0 1 0 7 9 3 0 
0 0 0 0 0 0 7 2 7 0 
0 10 0 6 0 0 11 4 0 0 
0 0 0 4 3 4 0 13 4 0 
0 11 0 0 15 0 0 0 5 12 
6 5 0 0 0 4 7 0 0 0 
0 1 7 0 0 0 0 5 11 0 

0 0 4 0 3 3 2 0 0 0 
1 0 1 22 1 5 5 9 7 0 
0 0 4 1 0 0 0 9 2 0 
0 0 2 4 8 0 9 0 11 0 
0 0 0 0 0 0 6 0 2 0 
14 1 0 0 3 0 0 1 0 1 
0 0 2 9 0 3 11 8 3 1 
0 0 11 0 0 0 0 0 0 9 
7 6 0 3 0 0 4 0 0 2 
0 1 0 0 4 0 0 0 0 0 

0 0 0 0 1 0 2 0 0 3 
0 0 0 4 1 1 8 6 0 6 
0 0 0 0 1 0 0 0 1 0 
0 0 2 0 0 0 0 0 3 0 
0 0 0 5 0 0 0 0 0 0 
27 7 14 0 0 0 4 18 9 3 
8 0 0 0 12 11 0 13 0 0 
6 3 0 2 3 0 4 0 0 18 
0 0 1 0 0 0 0 4 3 6 
0 0 0 0 1 3 0 8 1 0 

0 0 0 3 0 0 1 2 0 0 
0 8 0 0 3 1 3 0 0 0 
0 11 0 0 6 0 0 0 2 0 
8 0 13 0 0 3 0 6 0 0 
0 0 20 6 0 7 0 0 4 2 
0 0 0 0 0 3 10 0 3 14 
0 0 0 0 0 13 0 0 6 10 
5 8 0 0 12 0 7 0 0 3 
0 3 0 0 3 1 8 0 0 0 
0 0 0 0 6 1 5 6 0 5 

0 0 0 0 20 0 5 0 0 0 
2 3 0 0 0 0 0 0 0 0 
0 0 0 0 8 0 12 0 2 0 
0 0 0 0 0 0 4 0 2 0 
0 6 11 1 6 1 0 0 0 0 
4 0 0 0 0 0 0 1 0 0 
1 0 0 0 0 4 8 0 5 0 
3 0 0 0 0 7 4 0 3 0 
6 0 0 0 0 6 1 0 9 0 
0 7 7 0 0 0 4 0 2 0 

0 0 0 20 0 0 0 8 8 6 
0 0 4 0 0 15 0 1 0 0 
0 0 0 0 1 0 0 0 0 0 
0 2 0 7 0 0 0 0 4 0 
7 0 0 0 8 0 0 5 1 0 
0 0 0 0 0 1 0 2 10 0 
0 0 1 1 0 4 0 0 0 16 
15 0 0 0 3 0 6 0 0 0 
6 0 0 0 6 1 0 0 0 0 
0 0 8 0 0 0 0 0 18 0 

