#################################### 
# Matrix Size= (50,50,50)
# Resol      = (10,10,10)
# VoxelSize  = (5,5,5)
# nbVal      = 1000
#################################### 
3.22431 3.51021 2.81634 4.06 3.264 1.32669 2.56428 2.09007 1.27601 0.407744 
2.94567 0.690755 2.25593 1.86382 1.63835 2.90183 2.46128 2.87067 1.70831 1.81799 
1.39651 1.24836 6.40793 5.22655 2.32468 0.691096 7.16375 2.40549 3.41966 3.81764 
1.14221 1.8444 6.89467 4.0406 0.680258 3.70927 5.44508 5.16253 1.14384 0.626629 
1.49025 2.1525 4.06868 4.69371 1.47863 2.45302 2.59311 1.90002 4.91366 2.36885 
3.5581 1.27475 0.746782 1.65133 1.62353 1.23642 4.37872 2.94077 6.35277 4.2354 
4.69206 5.57525 2.11996 1.08644 4.20606 3.50829 4.45758 3.93588 8.73183 2.99883 
3.06184 2.03174 1.8308 2.56078 3.37404 1.53682 3.26301 1.85823 4.33322 4.62261 
2.62898 2.77738 0.308231 3.10105 2.47953 6.44946 0.916596 1.4685 4.04041 1.36752 
5.40733 1.6423 3.00606 3.07791 2.52111 2.37886 2.46956 1.45035 3.04562 2.77102 

2.46631 3.06797 5.46343 4.17252 3.24632 0.284437 2.54241 1.28475 4.90973 2.1833 
1.73612 0.964177 1.34798 6.3907 1.31511 3.46099 1.69099 4.78197 3.66351 4.06655 
3.40422 0.3119 0.769262 2.62596 3.95853 3.48929 0.689965 5.95045 3.78803 2.39338 
3.33883 2.14391 2.25143 1.17127 6.09418 0.173885 2.05162 6.35509 6.9518 2.51312 
4.43926 3.57231 4.35642 2.56431 1.99594 5.47783 2.9183 1.34053 4.40453 3.07435 
3.06131 2.62361 2.96677 2.58534 3.4085 3.28685 1.43862 2.23861 2.52084 2.97335 
1.35732 3.1569 0.614303 1.334 4.6404 2.94 1.28777 0.0521138 3.58175 2.48057 
2.26475 2.69578 0.982196 2.18527 1.24796 5.00005 3.19746 0.877601 3.26653 1.54189 
0.232547 4.32012 2.80333 1.72303 2.33095 3.81706 5.34941 1.45831 2.66741 1.62315 
0.978175 1.53724 3.29793 0.460532 2.78949 1.58168 0.916907 4.6538 0.627325 0.926455 

1.99548 3.21444 3.35368 2.92305 0.979587 1.64017 1.17474 1.36175 1.55013 3.11222 
1.26519 0.69612 1.99373 2.69027 0.79842 3.76341 2.39411 2.7856 3.67629 2.46025 
0.631579 2.38866 0.696588 1.96852 1.43187 1.61426 1.57596 2.08739 7.10489 2.53862 
1.83747 4.79992 3.95552 0.776533 1.72498 1.4527 2.12492 3.06271 2.57821 3.78349 
2.3517 0.14645 2.66464 2.37102 1.73183 2.57169 3.62014 1.96248 3.19372 1.16356 
1.82445 0.950805 0.459906 1.04191 1.93128 1.14155 2.40497 4.65067 1.87955 4.30265 
3.51735 1.97295 2.56179 2.83039 1.42919 2.64094 0.858094 1.59111 3.35666 2.52287 
2.1263 0.021416 1.33745 2.32902 1.08585 2.32246 0.549789 1.68173 1.21636 3.76192 
2.91257 1.456 5.41871 4.44787 4.66185 2.65824 1.68773 4.07943 0.403273 3.93705 
0.274603 1.64839 3.1404 1.64874 3.21155 2.77583 3.28829 2.99957 1.62488 0.00451621 

1.99363 6.31659 3.30914 2.19655 0.859913 4.74613 1.20215 0.455983 0.0944293 1.11147 
0.0302946 0.146991 1.76175 1.36145 2.1038 1.29332 0.45602 2.49303 3.7038 0.29899 
1.91704 1.00051 2.06947 1.74542 2.54124 3.65752 3.42392 1.16161 1.0566 3.42473 
0.749137 0.726371 1.45655 3.82837 0.908885 2.31089 1.28841 2.53445 1.46955 2.22016 
4.72679 1.72147 0.830626 4.09623 3.54783 3.57993 1.57256 2.34136 3.34296 0.723128 
1.90618 0.941299 3.50375 1.49088 4.3192 1.43334 1.28716 2.13402 3.67386 4.34518 
1.76845 2.01182 1.39871 1.53458 0.315898 2.93254 0.0184593 2.19007 1.23223 3.94351 
2.32312 0.429549 1.52135 0.0284026 2.70039 0.258943 3.80431 1.43206 2.25239 3.07849 
3.10098 1.58156 3.16358 1.99463 5.02503 3.23447 3.2543 1.14128 0.291401 1.05417 
3.25061 1.14725 1.31382 1.10209 1.57848 5.26144 1.03435 0.393048 0.526055 3.40217 

2.00682 0.0243883 3.35788 1.00993 1.52922 1.54602 1.07015 2.11952 0.0338102 1.70681 
2.6743 0.0530295 0.788232 3.88444 2.409 0.733895 2.3174 0.270777 0.277396 2.41045 
2.62602 4.32743 0.0779012 1.54921 2.24216 0.0879711 0.625925 1.01309 4.42641 3.94151 
0.791306 1.78435 0.612836 2.00426 2.98427 3.28801 1.31894 3.47699 0.715529 2.32117 
1.12476 2.71911 0.819975 3.37299 1.92832 0.0114129 1.66327 4.32078 0.49737 2.34787 
1.29143 1.6034 0.84826 0.921485 1.82358 1.62836 4.18836 0.346818 0.74892 0.610693 
1.01894 3.90079 4.16606 3.56402 1.633 0.408642 3.72897 0.828371 3.28061 1.34444 
2.76519 3.11296 0.150579 4.38594 2.81667 1.7691 0.807628 1.74273 3.94075 2.53405 
3.98812 2.94545 1.5271 0.309277 2.48134 1.63543 1.15084 2.29944 1.24214 0.896251 
0.308666 1.94908 0.98747 0.773755 1.48087 3.92123 1.15582 3.85743 2.81595 3.4972 

1.8788 0.364308 1.41048 2.09263 0.432948 1.2567 1.01898 2.47012 1.31677 3.36091 
0.690937 2.16693 3.17067 3.82748 0.880169 2.34326 2.07569 4.71375 2.90954 0.46043 
0.799724 1.55159 3.92623 1.9821 3.05129 2.97632 0.736639 2.26886 2.50064 3.25228 
2.36941 2.70173 4.17108 2.10005 4.20576 1.0294 3.04303 1.18361 3.18465 1.5385 
1.02147 0.773185 2.38934 0.126663 1.168 0.323622 1.14388 1.3686 1.40761 0.567186 
1.49571 1.10275 0.4414 1.16298 0.0646945 3.07913 0.320438 2.42611 0.0233355 4.45419 
1.19757 1.43793 2.62057 0.945918 1.12891 1.52059 1.04693 1.03357 0.698688 1.07532 
2.65569 1.40328 2.93952 3.65804 1.42426 2.51355 0.946654 0.175645 1.11696 1.34239 
3.8769 3.05481 2.44592 1.39212 1.69846 0.255835 2.1969 1.45413 4.22897 1.66509 
1.45397 0.63319 0.151867 1.82232 1.37543 0.11497 3.03157 3.26476 2.37557 1.8808 

1.41404 0.203005 1.85647 2.86433 1.81502 0.377233 0.822097 5.48214 1.24326 0.735197 
0.646027 1.10039 1.21426 1.03253 1.98148 1.2452 2.26478 3.06313 0.170496 2.18674 
1.19656 4.4374 0.288295 0.413844 2.07377 1.78765 0.0221722 0.0146338 0.883987 1.16664 
0.454125 2.67105 2.93601 1.83992 3.60746 1.23903 1.90135 0.654842 0.957915 2.33168 
2.10397 0.471788 0.0946642 2.73838 1.55621 1.45937 2.4344 1.4531 0.230745 0.242616 
1.98743 2.21841 1.21238 1.72666 2.29666 1.21238 0.181386 1.93373 0.494504 0.850276 
0.879877 0.532172 0.69273 1.24676 1.98709 4.62538 2.52566 2.25062 1.2472 2.5264 
1.71801 1.19482 1.17935 2.36284 1.68633 1.05248 2.66612 2.43735 2.19349 1.4502 
0.224925 0.292527 0.351953 1.96085 1.15279 1.92713 2.03133 0.449837 0.2396 1.34797 
0.330599 0.0708921 1.40381 0.773083 0.693166 0.125313 1.19059 0.534545 2.03997 1.6894 

1.52155 0.0444193 1.80609 0.168751 1.2073 2.71977 1.45116 0.719673 1.67121 1.87386 
0.844818 0.947246 2.00135 1.76871 0.201505 0.00491489 1.28063 0.917263 0.00294833 0.286809 
1.4691 3.7134 1.81189 1.08747 1.81937 1.75895 1.07957 1.23034 0.870044 0.22289 
1.12213 0.0756968 4.4025 0.38436 0.585444 2.05486 0.332494 0.288191 0.376289 0.411359 
1.67121 0.397427 4.09924 1.99423 0.483241 0.972899 3.26526 1.56535 0.103697 1.4867 
0.0167797 0.377183 1.07427 2.71653 1.0577 2.94197 3.37626 0.0203249 0.232163 1.58585 
1.30411 0.0420099 1.31781 0.172217 1.91505 1.79773 0.127131 0.325227 2.42077 3.01877 
3.04003 1.52201 1.73899 0.123053 1.23505 0.0750083 5.5482 3.50073 0.000205284 0.236883 
0.0123419 2.59531 1.26025 2.02357 0.762907 3.08346 2.1903 0.0449693 2.74174 1.95782 
0.557507 1.92935 0.794243 0.0551811 4.29608 0.17074 0.916223 1.84409 2.17907 0.397279 

0.79206 0.130905 0.263922 1.47327 1.93924 0.597704 1.96207 0.814114 0.0266679 2.28932 
0.433016 1.00679 3.29403 0 0.771725 0.0311953 2.01973 1.52933 0.460771 1.51084 
1.54952 0.428729 3.513 0.62147 1.04212 1.28123 2.2779 0.37112 0.0996608 0.724128 
3.70036 0.88998 0.0227627 0.932436 0.106814 1.10226 0.262346 1.46778 0.669528 0.883677 
0.725024 2.55718 2.46195 1.6689 1.63415 0.780666 0.06515 1.25404 1.08223 0.41513 
2.60037 0.594905 0.86389 0.00136929 0.884043 1.26957 0.0381307 0.870491 0.031931 0.339054 
0.473909 2.42663 0.265869 0.0522243 1.33083 0.137218 0.41371 0.810921 0.842843 0.269124 
1.16993 0.0194745 1.49559 1.98547 0.909086 1.15238 0.913541 0.259841 1.02982 2.80706 
2.89351 0.00865921 0.375332 0.525306 1.12216 0.32126 2.15118 0.292942 0.903865 0.0143062 
0 2.68611 2.01272 0.204035 1.33954 1.19078 1.90041 1.94754 1.58783 0.476322 

0.034633 1.56612 0.985633 1.34757 0.506192 0.0948656 1.67355 1.39951 1.78639 0.573834 
0.296393 0.202683 1.75229 2.41059 0.174286 0.877177 0.0415866 2.56916 0.230702 0.743878 
1.05843 0.471071 0.111825 1.7689 1.37605 1.72959 0.0478589 0.828529 1.36808 0.388895 
0.0411504 2.48429 0.108813 0.246379 0.886684 1.49224 4.22959 0.830599 0.171579 0.275638 
0.547919 1.22447 0.205675 0.455228 3.6462 0.0159702 1.19554 1.42196 0.00116231 0 
0.00249401 0.745307 1.04641 0.46842 0.00351342 1.11427 0.332755 1.22558 3.25649 2.23561e-06 
0.831936 2.93349 0.821601 1.23265 1.5992 1.5892 0.956329 0.428669 0.303523 2.24694 
2.05483 2.49874 0.254268 1.51991 1.09312 0.133503 3.66334 0.600737 0.0751363 1.42111 
1.60593 0.745407 0.43253 0.801334 4.21237 0.786072 0.682245 0.827818 0.332592 1.5472 
2.16636 0.432334 3.79842 2.21446 0.65938 2.10587 1.64715 0.663329 1.36388 1.31233 

