#################################### 
# Matrix Size= (50,50,50)
# Resol      = (10,10,10)
# VoxelSize  = (5,5,5)
# nbVal      = 1000
#################################### 
3.0928 2.93416 0.00954942 3.52197 3.30874 1.05214 1.85258 2.3125 0.163332 0.45381 
1.77941 1.46444 0.483549 1.36725 1.39011 3.24399 0.580581 3.02101 1.49379 1.11951 
1.78538 1.40701 4.16207 2.86331 2.69437 0.84572 2.23478 2.65035 2.64813 2.21723 
1.42635 1.07011 4.6169 1.7099 0.869998 3.28775 2.31435 2.95142 1.5043 0.734337 
0.656005 0.759414 1.2408 3.21265 1.48353 1.83314 0.959903 1.52777 2.99236 0.682734 
4.0032 1.3787 1.19852 1.95176 1.73322 1.88144 2.67089 1.44854 2.87816 3.71209 
2.11011 1.39664 0.783035 1.25385 4.3184 3.11567 5.04336 2.92955 2.90644 2.4744 
1.34357 0.538448 2.03255 1.48881 1.82745 1.95008 3.82847 1.2359 4.69522 2.28137 
2.15368 0.957452 0.011677 1.23936 2.36536 5.50623 1.21862 1.90091 3.64843 1.94994 
2.04725 0.796282 1.23141 1.25587 0.808303 1.8068 0.199176 1.60462 2.92085 1.73697 

0.478491 1.41095 2.79115 2.27796 3.14208 0.0435352 0 1.37348 0.0891558 2.08895 
1.73378 1.13246 0.607239 3.07973 0.976711 2.52608 2.13667 2.57707 1.93593 2.63658 
2.22607 0.328657 0.95711 2.03322 0.984087 3.35533 0.111682 2.8013 2.141 2.15808 
2.01245 1.94373 0.21483 1.07838 2.60824 0.480495 1.82651 2.99004 3.70521 0.963462 
2.41186 2.63979 4.03361 1.03835 1.74823 3.33632 1.85023 0.0244039 2.06245 1.92489 
0.756604 2.02699 1.61377 3.55366 1.28368 1.34992 1.29411 1.00924 2.4331 2.68944 
1.68729 2.55549 0.225209 0.641956 2.92755 1.44368 0.871611 0.443906 2.69013 2.71754 
2.48822 1.83365 0.840997 2.08778 0.195766 4.07273 1.76832 1.09529 2.03458 2.42693 
0.540041 2.57634 1.62571 0.264649 1.16186 2.58431 3.15024 0.969476 1.88265 0.863008 
1.73002 1.9897 2.32574 0.448041 1.19438 1.21596 1.36699 1.72372 0.792005 0.21888 

0.867425 2.20573 1.95302 0.995964 0.950382 1.25519 1.04417 1.02606 0.885448 1.40937 
1.32379 0.0285251 0.41962 1.33551 1.40535 3.0194 0.658462 1.56873 1.29585 2.88272 
1.25919 2.45145 1.31347 2.32902 1.09791 1.37255 0.576409 1.0249 4.00436 2.88653 
1.53134 0.788863 1.47414 1.20668 1.45512 0.426912 1.02121 2.03015 0.741459 2.17262 
0.252916 0.696819 3.22687 1.98948 1.22269 1.71025 2.27318 2.49673 2.4138 0.821976 
1.38174 0 0.624961 1.00866 0.938742 1.34701 2.51698 4.45036 2.21019 2.92252 
2.21876 1.50928 2.61276 2.08007 0.857295 2.75326 1.24203 1.79017 2.50276 3.00913 
1.67436 0.186168 1.30282 0.773816 1.2245 1.64277 0.203635 0.973143 1.22524 2.73023 
1.72158 0.732882 5.50007 2.41768 1.51694 1.04381 1.29201 1.02369 0.339229 1.8707 
0.767435 0.802992 2.77494 1.61564 1.11081 2.64102 2.39457 1.62516 1.80247 0 

2.77867 3.05867 1.65536 1.00545 1.46157 1.66333 0.819309 0.230173 0.0656954 0 
0.264684 0.314703 0.493874 0.942332 1.75426 1.0876 0.492333 0.792251 2.94025 0 
1.95534 0.455479 0.873438 2.09749 2.06464 1.49308 1.79886 1.51065 0.406877 2.35737 
0.522376 1.35342 1.28091 2.13346 1.25464 0.253212 1.39799 1.6141 0 1.02246 
2.09572 2.81085 0.937433 3.19823 1.34043 2.26178 1.71146 1.90385 1.42118 0.524767 
2.18531 0.186861 1.64675 0.838601 3.69133 1.23867 0.502259 2.81368 1.41369 3.84024 
0.636892 1.50944 1.33262 0.266211 0.539815 1.55635 0.123968 2.641 1.16596 2.59615 
1.63028 0.401877 1.57931 0.0228981 1.84733 0.276319 2.54423 1.42195 1.18213 2.90703 
0 1.87379 1.10958 1.54009 3.36474 1.80218 1.26903 0.752589 0 0.427585 
2.23403 0.960575 1.57238 0.487947 0.874645 4.7972 1.56649 0.159274 0.378479 3.44106 

0.229501 0.155057 2.4068 0 1.59328 1.02106 0.983162 1.03981 0.183876 0.499195 
1.59217 0.230281 1.04805 1.76792 1.09925 0.523705 1.59141 0.490766 0.601719 1.01526 
1.51498 4.06534 0.20985 1.69124 2.13899 0.148607 0.495169 0.176618 2.52916 1.67031 
0.357179 1.40816 0.0498873 2.35806 3.00973 2.90118 0.73664 3.09762 0.511926 0.234085 
1.54321 2.2687 0.263772 1.07053 0.596927 0.0106432 2.20209 3.2276 0.703421 1.43063 
0.9773 1.90697 0.216913 1.49721 0.96408 0.237361 1.8513 0.375138 0.241677 0.972114 
1.40674 3.28539 3.68353 1.32503 1.03491 1.15059 1.90218 1.27879 2.4013 1.33888 
3.20216 2.31258 0.499287 3.49307 1.58258 0.681001 0.909382 0.879598 3.2337 3.08975 
1.25195 1.8385 0.619058 0.150791 1.56541 1.91488 1.05387 1.27049 0.865858 0.0873848 
0.288461 0.984368 1.00396 0.0171573 1.61239 3.67273 1.37495 1.95295 2.27497 0 

0.581113 0.347713 0.779802 1.1217 0.322928 0.851923 0.136274 1.99776 1.46832 0.768568 
0.899785 1.36572 1.78511 2.7709 0.422402 1.22484 1.13794 3.29735 1.88732 1.11486 
0 2.19481 0.534725 2.11971 1.26023 0.819527 1.16907 2.44755 1.23015 1.15697 
1.33 0.925132 3.28175 1.44685 4.41736 1.46561 2.30864 0.391245 2.66052 0.859699 
0.399106 0.543478 1.96405 0.429181 1.17186 1.05806 1.88764 0.171672 0.73445 0.679647 
1.82832 0.0478811 0.340456 1.82753 0.245142 1.5447 0.136114 0.2455 0 0.634032 
0 1.29093 2.43221 0.924421 1.21085 1.1249 1.15968 0.727223 0.545156 0.186803 
1.48502 1.49098 2.91464 0.310381 1.64255 1.30486 0.211735 0.137005 0.802882 1.71391 
2.84443 2.23558 2.1626 0.512536 0 0.491745 2.57678 1.1283 0.975412 1.62272 
0.878711 0.10472 0.431221 1.56269 2.03057 0.474738 2.8267 1.2182 1.05366 1.28782 

0 0.311949 2.40526 1.50689 1.64448 0 0.444963 1.6752 0.598883 0.202822 
0.987165 0.760295 0.230051 1.22866 1.78197 0.171679 1.40232 1.10941 0.258338 1.40355 
1.0965 2.93531 0.59509 0.086354 0.391956 1.06565 0.207602 0.12097 1.44145 1.14895 
0.0336697 1.86927 1.82078 0.904915 2.30012 0.0335231 0.824515 0.220407 0.210557 0.269742 
1.8055 0 0.350758 1.44182 1.71709 1.97238 1.55558 0.974027 0.467776 0.488379 
1.64283 0.92065 1.20587 0.153165 0.953989 0.0774001 0.355008 2.39172 1.06315 1.27077 
1.21058 0.69351 0.78723 0.419273 2.43074 1.78523 0.174822 1.47197 0.244039 1.10118 
1.02658 1.73359 1.38313 1.75597 1.24948 0.492487 2.45547 2.03272 0 1.70341 
0.197942 0.69586 0.670589 1.63202 1.23943 0.939419 0 1.18086 0.63455 0.729624 
0.938563 0.373551 0.409203 1.37799 0.877372 0.555375 1.00393 0.696087 1.88459 0.725781 

1.70977 0 1.46221 0.528403 1.26766 0.535042 0.0031425 0.524241 1.68656 0.649714 
0.408797 0.933617 1.71143 1.44534 0.767034 0.112626 0.254574 0.0184988 0 0.671112 
1.22684 3.7762 1.71053 1.33516 1.76256 0.237023 1.66177 0.712242 1.57113 0 
1.05561 0.258523 5.06012 0.247688 0.723961 1.02102 0.576623 0.536834 0 0.0815754 
0.696952 0 3.00408 2.02374 0.723591 2.19292 2.80321 0.63712 0.423947 1.74466 
0.129536 0.296344 0.894806 1.37256 1.21579 3.66618 1.64599 0 0.680851 1.86684 
0.842561 0.0760279 0.0174176 0.557575 2.23591 1.39765 0.134717 0.55572 1.69082 2.68022 
1.28669 0.854424 0.13832 0.0941694 1.35729 0.101552 2.31155 2.99774 0 0.561243 
0.15049 0.544856 1.34592 1.58443 0.748337 1.32225 2.57979 0.423497 1.63648 0.262339 
0 2.00296 0 0.224156 3.67103 0.458759 1.30434 1.07011 1.28063 1.08918 

0.942543 0 0.264339 0 1.74158 0.157105 1.74695 0 0.163303 2.13861 
0.46242 0.354905 2.11862 0 0.866103 0 0.952305 0 0.678801 0 
0.577379 0.213928 3.05419 0.0754361 1.56897 1.27337 1.66558 0 0.463346 0.261455 
1.52011 0.698039 0.0028023 1.68223 0.0551512 1.44117 0.723399 1.38293 0.122294 0 
1.42068 2.97264 1.7696 1.68244 2.09042 0.904959 0 0.682063 0.807401 0 
1.07264 0.16339 0 0 0.40168 0.183859 0.27493 1.0217 0.252565 1.09113 
0.451394 0.705878 0.672146 0.317832 0.0883306 0.520453 1.12859 0.527866 0.78736 0.0894381 
0.304428 0.139978 0.778778 1.8539 0.209133 1.50394 0.714782 0.0908272 1.33027 1.1071 
1.86309 0 0 0.333116 0.024869 0.458578 0.0563136 0.585319 1.41372 0.119609 
0 1.80954 0.731727 0 0 0 0.189696 0 0.924056 0.690161 

0 1.86002 0.4032 1.02312 0 0 1.62896 1.65806 1.01117 0.817592 
0 0 1.93903 2.86113 0.417476 1.18231 0.203928 2.83165 0 0 
1.0288 0.71093 0.190528 1.33 0.670913 0.606496 0.197365 1.1003 0.793252 0.753887 
0.202856 2.13549 0.426197 0.804195 0.443135 0.183496 1.45095 1.24547 0.401069 0.525013 
0.738555 0.659311 0.0824235 0.56818 2.32663 0 0 1.31309 0.0319293 0 
0.0498652 0.779547 0.112537 0.126597 0 0.0722942 0 0.0557068 2.20746 0 
0.941594 0.128195 0.532474 0.534119 1.61548 1.33111 1.68942 0.108742 0.585614 1.66196 
0.832995 2.29406 0 1.10896 0.576641 0.320863 2.54556 0.606136 0.286298 1.53763 
0.715693 0.183715 0.149056 1.54421 3.0213 1.24521 0 0.870317 0.576708 0 
0.732974 0.61729 1.80492 2.10176 0 2.16386 1.28066 0 0.98171 0.693043 

