#################################### 
# Matrix Size= (50,50,50)
# Resol      = (10,10,10)
# VoxelSize  = (5,5,5)
# nbVal      = 1000
#################################### 
3.20449 2.90469 9.11914e-05 2.85259 3.01181 0.72204 1.09313 2.08554 0.0266774 0.205943 
1.2704 0.690755 0.208582 1.29064 1.1146 2.74606 0.337074 2.06396 1.4736 0.629206 
1.36341 1.0555 3.91521 2.0768 2.32468 0.281761 1.68291 2.39017 2.26823 1.95015 
1.07574 0.433864 4.57862 0.854415 0.366941 2.4981 2.0051 2.32608 0.661124 0.476056 
0.178637 0.223527 0.851033 2.44738 0.515441 1.34781 0.578904 1.26428 2.50774 0.466125 
3.35899 1.06977 0.72176 1.36306 1.47131 1.17505 2.60982 0.831674 2.50322 3.00148 
2.2273 1.31209 0.613144 0.80061 3.27327 2.30407 4.19101 2.90374 2.313 1.61311 
1.09984 0.117011 1.36091 1.0389 1.3236 1.31655 2.96428 0.485038 4.1573 1.69621 
2.31919 0.774837 0.000136352 1.25791 2.33186 5.17253 0.651855 1.43371 3.02267 1.35509 
2.09826 0.348295 0.641074 1.05768 0.498496 1.01061 0.0396712 1.25575 2.26122 1.47699 

0.119799 0.807279 2.72176 1.84651 2.92344 0.00189531 0 1.08207 0.00794876 2.1833 
1.58215 0.742696 0.178688 2.90953 0.538667 2.3087 1.39481 2.23239 1.82963 2.46372 
1.56541 0.0660087 0.704984 1.73854 0.295333 2.32817 0.0124729 2.70286 1.83497 1.55514 
1.5884 1.38859 0.0461519 1.16291 1.93236 0.103117 1.10397 2.23379 3.16834 0.675069 
2.93931 1.39734 2.44994 1.05316 1.17699 2.1776 1.38677 0.000595548 1.77889 1.87292 
0.220989 1.35932 1.10014 2.39348 0.835569 0.619924 0.590758 0.256755 1.70929 1.89259 
0.903279 2.85304 0.0507192 0.123227 2.17403 0.533783 0.532453 0.0502284 2.19369 1.85476 
1.83615 1.51981 0.698945 2.1015 0.0383245 4.15952 1.22114 0.466906 1.41088 1.54189 
0.19041 2.82471 1.36883 0.0634975 0.521937 2.23593 3.0134 0.377166 0.930861 0.50677 
0.973881 1.36027 2.02573 0.104972 0.709882 1.21331 0.916907 1.51836 0.627272 0.0479084 

0.752426 2.26274 1.70917 0.766982 0.752951 0.546124 1.09029 1.0528 0.784017 1.10078 
1.21795 0.000573358 0.090682 0.732625 0.612305 2.26436 0.433572 1.01298 1.01078 2.26069 
0.493073 2.17877 0.411216 1.37419 0.812034 0.583051 0.117094 0.837197 3.24239 2.52595 
0.879157 0.622305 1.01754 0.693049 1.18857 0.0913488 0.990985 2.0683 0.418465 1.6897 
0.0639667 0.14645 2.58243 1.30182 0.700956 0.79597 2.42507 1.95065 2.27909 0.501795 
1.1408 0 0.390576 0.592969 0.268406 1.12344 1.63002 4.10008 1.48655 2.71778 
1.85462 0.590048 2.55378 1.65492 0.231352 2.64094 0.849048 1.59064 2.33501 2.10997 
1.23864 0.021416 1.01071 0.396978 0.495792 1.36592 0.0280139 0.415739 1.03869 2.50707 
1.12104 0.326768 4.27538 2.15733 0.9842 1.01648 1.02371 1.04794 0.0452965 1.59619 
0.261152 0.64338 1.74601 1.15969 0.601736 1.35221 1.72722 1.27253 1.62445 0 

1.76248 2.19764 0.975094 1.01094 0.846786 1.3271 0.666859 0.0529796 0.00431588 0 
0.0302946 0.0990379 0.216247 0.510281 1.56155 1.18288 0.0725584 0.289745 2.5593 0 
1.91704 0.207461 0.74415 1.55027 1.54011 1.37146 1.68893 0.584308 0.165549 2.22148 
0.137628 0.697858 1.06119 2.05893 0.73604 0.0249726 1.28841 1.36526 0 0.978012 
1.60053 1.69323 0.519706 2.65959 1.13833 1.72928 1.47403 1.47704 0.507304 0.139577 
1.89298 0.0349169 1.3421 0.287095 3.20285 1.17925 0.0857423 2.11451 0.710391 3.078 
0.191607 0.617108 0.440531 0.0463671 0.291401 1.42049 0.0153681 1.79505 0.499086 2.26938 
0.852028 0.161505 1.14841 0.000263208 1.34226 0.076352 2.64232 0.805857 0.913063 2.84121 
0 1.52567 1.23117 1.19582 3.63932 1.46661 1.03567 0.56639 0 0.176748 
1.67889 0.907056 0.981798 0.238092 0.765003 4.11741 1.02495 0.0253683 0.108872 3.32209 

0.0526708 0.0240427 1.81865 0 1.11079 0.561912 0.385659 1.00515 0.0338102 0.249195 
1.35899 0.0530295 0.788128 1.15634 1.20835 0.120366 1.31642 0.240851 0.137355 1.03075 
1.41603 2.45196 0.0414129 1.40781 1.25844 0.0220842 0.0768264 0.0142869 2.33397 1.24498 
0.0730453 1.77501 0.00248874 1.33248 1.60204 2.65127 0.486859 3.23285 0.106372 0.054796 
0.962511 1.60117 0.037686 0.797648 0.129598 8.03613e-05 1.53161 3.22403 0.332227 1.02536 
0.830512 1.03555 0.0254279 0.811718 0.65234 0.0556382 1.05561 0.140728 0.0584077 0.425706 
1.0152 3.05405 2.91032 0.708462 0.400339 0.401065 1.82851 0.821863 1.49255 1.19831 
2.66922 1.57453 0.0939385 3.29805 1.05175 0.463762 0.467723 0.268486 2.28151 2.53287 
0.911524 1.67186 0.237724 0.0133546 1.34466 1.24483 1.11064 0.984056 0.414836 0.00763611 
0.0832095 0.935658 0.360995 0.000294371 1.33374 3.8958 1.15582 1.73778 1.33296 0 

0.337693 0.120905 0.249174 0.648835 0.0723787 0.166313 0.00702885 2.03889 1.17122 0.40513 
0.435022 1.08669 1.66498 2.48293 0.0458418 0.94035 0.583866 3.37327 1.7406 0.457925 
0 1.55036 0.100014 1.98196 1.22148 0.249574 0.715984 2.26886 1.19445 0.94878 
1.7689 0.367639 3.36588 1.04798 3.56724 1.02397 1.93618 0.153073 2.10415 0.653304 
0.0597776 0.13738 1.74477 0.126663 0.95785 0.295238 0.970357 0.0294714 0.215165 0.406197 
1.20757 0.0022926 0.11591 1.06565 0.0600946 1.06387 0.018527 0.0602539 0 0.375902 
0 0.86736 1.60772 0.723666 0.483315 0.815498 0.698171 0.365308 0.166987 0.0175333 
0.748182 1.03493 1.70098 0.0458128 1.30988 1.17043 0.0267681 0.0187705 0.338277 1.11431 
2.56949 1.51146 1.39448 0.114333 0 0.241813 1.97004 0.865946 0.718535 0.85171 
0.478331 0.0109662 0.125652 1.31911 1.37543 0.089233 2.30411 0.536807 1.1102 0.636313 

0 0.097312 1.85647 1.14548 1.32604 0 0.0717967 1.85811 0.358661 0.0411369 
0.646027 0.193199 0.0529234 0.899329 1.4517 0.0168954 0.858021 0.885557 0.038025 1.05075 
0.605902 2.82498 0.28764 0.00745701 0.14085 0.45801 0.0221722 0.0146338 0.870056 1.16664 
0.000958766 1.51611 1.29263 0.51358 2.32421 0.0011238 0.378442 0.0485791 0.0443342 0.0727606 
1.6846 0 0.0628658 1.15172 0.969542 1.38382 1.21452 0.580851 0.218815 0.238514 
0.936878 0.847596 1.21238 0.0234596 0.503477 0.00599078 0.0635521 1.93373 0.469064 0.850276 
0.879877 0.480956 0.619731 0.0729737 1.95204 1.50211 0.0305627 1.78347 0.0214378 0.921676 
0.563732 1.0899 0.81787 1.1419 0.922332 0.0831266 1.93164 2.11582 0 1.12127 
0.019591 0.292527 0.351953 1.23896 1.13817 0.882493 0 0.449837 0.238249 0.532351 
0.330599 0.0708921 0.147997 0.712108 0.674234 0.125313 0.978288 0.348747 2.03997 0.526758 

1.52155 0 1.78638 0.168262 0.85311 0.28627 9.87531e-06 0.1599 1.45143 0.215269 
0.167115 0.627032 1.13532 1.07989 0.201505 0.00491489 0.0648081 0.000342206 0 0.22628 
0.44345 3.70009 0.899086 0.784528 1.41202 0.0264286 1.05768 0.507288 0.831022 0 
1.11431 0.0643846 4.3952 0.0613492 0.52412 0.2931 0.332494 0.288191 0 0.00665454 
0.226502 0 2.19189 1.1811 0.232245 0.972667 2.37849 0.263859 0.100938 1.4234 
0.0167797 0.0878199 0.211365 1.20675 1.05748 2.8899 1.48819 0 0.155309 1.49841 
0.582885 0.00578023 0.000303372 0.172217 1.91505 1.00033 0.0181485 0.18575 1.48111 1.95521 
0.750219 0.441793 0.0168798 0.00458408 0.980377 0.0103128 2.28736 2.09345 0 0.164104 
0.0123419 0.0997126 1.26025 1.07171 0.217637 0.679689 2.16274 0.0449693 1.27684 0.0688218 
0 1.80873 0 0.0502459 2.90665 0.17074 0.90771 1.14513 0.971151 0.397279 

0.784622 0 0.056904 0 1.36315 0.0246821 1.09488 0 0.0266679 2.28932 
0.179872 0.125957 1.85744 0 0.376468 0 0.906885 0 0.460771 0 
0.143079 0.0457652 2.45523 0.0056906 0.936039 1.27021 1.82521 0 0.0842759 0.0414565 
1.0165 0.243741 7.85286e-06 0.89707 0.00304166 0.980149 0.169649 1.05879 0.0149559 0 
0.70421 2.33381 0.931106 0.790898 1.35703 0.780666 0 0.290946 0.592962 0 
0.582402 0.0266964 0 0 0.0885595 0.0338042 0.0381307 0.870491 0.031931 0.339054 
0.0934698 0.319523 0.249808 0.0522243 0.0078023 0.137218 0.41371 0.250312 0.203839 0.00600892 
0.0810088 0.0113324 0.253482 1.95108 0.0355815 1.12077 0.254792 0.00802982 1.02982 0.62321 
1.49133 0 0 0.044891 0.000618469 0.0711072 0.00291613 0.281445 0.903865 0.0143062 
0 1.55102 0.535425 0 0 0 0.0247346 0 0.300667 0.476322 

0 1.36674 0.162571 0.995738 0 0 1.36299 1.39851 0.658613 0.53729 
0 0 1.28366 2.41059 0.174286 0.732075 0.0415866 2.35289 0 0 
1.05843 0.447911 0.0363008 1.7689 0.416877 0.259772 0.038953 0.826022 0.629248 0.388895 
0.0411504 1.65306 0.108813 0.246379 0.196368 0.0336707 1.20089 0.826019 0.160857 0.275638 
0.545463 0.434691 0.00679363 0.117669 1.81855 0 0 0.824311 0.00101948 0 
0.00248653 0.607694 0.0108782 0.0160269 0 0.00522645 0 0.00310325 2.44683 0 
0.705315 0.0164339 0.171544 0.123955 1.48767 0.735871 0.956329 0.0118247 0.23087 0.983525 
0.69388 1.27246 0 0.47288 0.12345 0.102953 2.23972 0.142266 0.0580163 1.42111 
0.232028 0.0337512 0.0222177 0.751825 3.06997 0.783335 0 0.757452 0.332592 0 
0.350807 0.381047 1.68637 2.21446 0 1.92963 1.21836 0 0.702005 0.480308 

