#################################### 
# Matrix Size= (50,50,50)
# Resol      = (10,10,10)
# VoxelSize  = (5,5,5)
# nbVal      = 1000
#################################### 
3.23357 3.71232 3.50045 5.11627 4.17994 1.83666 4.13174 2.37984 1.49662 0.903032 
3.87286 1.46444 2.76758 2.71533 2.18647 3.76702 3.44265 4.39801 2.28636 2.63278 
2.04162 2.06964 6.91731 6.50455 2.69437 1.72993 8.04867 2.83027 4.09256 4.13948 
1.78733 3.04261 7.28387 5.55854 1.79193 5.39757 6.59717 6.09489 2.19908 1.36384 
2.53855 3.74565 4.64048 5.41769 3.62535 2.95817 3.98061 2.97993 5.8003 3.24213 
4.62532 1.84665 1.42186 2.73766 2.2636 2.12917 4.00089 4.49381 7.32989 5.74788 
5.06163 6.73921 2.83666 2.47413 5.51153 4.7458 5.55967 3.9455 9.80008 4.38568 
3.36303 2.79093 2.71804 3.41051 4.34205 2.59816 4.47023 3.16234 5.27266 4.992 
3.02186 3.07379 1.23182 3.37618 2.97973 7.05253 1.96994 2.20076 5.39522 2.06143 
5.19413 2.78683 4.09947 4.28946 3.96116 3.23282 2.9642 2.208 4.36163 3.15284 

3.05297 4.3235 5.82609 5.16663 4.07077 0.963425 3.08835 2.07263 5.11651 2.08895 
2.28895 1.78147 1.95598 7.11792 2.31797 4.31435 2.92115 5.64133 3.88053 5.358 
4.81605 1.16816 1.44231 3.56044 4.93854 5.11017 1.39903 6.72528 4.05824 3.81933 
4.3431 2.82001 2.31159 1.19833 6.89812 0.767301 4.01932 7.60193 8.41002 3.28644 
4.34976 5.18177 6.38923 3.17955 2.94896 7.02159 3.80779 2.13669 4.96781 3.5492 
3.66215 4.00687 3.6022 4.16397 4.39191 4.3528 2.41349 4.11239 3.41038 3.7472 
2.39069 3.29841 1.43792 2.45249 5.53436 4.49769 1.99505 0.487327 4.72325 4.20798 
3.38857 2.93146 1.8514 2.53647 1.48591 5.8661 3.78232 2.56944 4.52701 2.42693 
0.820803 4.23489 3.96851 2.39321 3.51104 5.11532 5.57519 2.34006 3.94613 2.31616 
1.79555 2.68224 4.24981 1.31432 3.23327 1.82289 1.36699 5.76037 0.802116 1.17138 

2.73274 3.26519 4.98171 3.50784 1.42645 2.48441 1.42946 1.58189 2.02529 3.78724 
1.56575 0.905766 2.99809 3.6849 1.83676 4.93768 2.91299 3.5531 4.78491 3.32945 
1.64151 2.911 2.03459 3.50358 2.02061 2.73305 2.93748 2.59078 8.71826 2.9991 
3.02401 5.61126 4.22414 1.66319 2.34606 2.1108 2.08607 3.16146 3.57264 4.41325 
2.96406 0.696819 3.51359 3.83346 2.87173 4.21486 4.29367 2.64423 4.19363 2.21154 
2.53379 1.10146 1.00588 1.86464 3.26959 1.48158 4.05066 5.92122 3.37284 4.68312 
4.28547 3.90046 2.7023 4.39397 2.81472 2.75326 1.37476 1.81181 4.03549 4.00346 
2.63518 0.186168 2.21384 3.8228 2.43607 3.87085 1.3588 2.37322 1.79797 3.85043 
4.32089 2.17562 7.03243 5.17112 5.90812 3.32838 2.53074 4.47093 0.93754 4.82328 
0.883414 2.02986 4.51932 2.97309 4.24932 4.37619 5.21563 3.64564 1.82516 0.0672027 

3.379 7.43952 4.00049 2.09431 1.61285 4.83675 2.12249 0.942186 0.469561 2.05564 
0.264684 0.624201 2.30855 2.52138 2.60714 1.64348 1.16269 4.25665 5.15741 0.931014 
1.95534 1.34601 2.34481 2.68982 3.57501 3.8224 4.26883 2.27046 1.58209 3.79264 
1.62827 1.59167 2.41739 4.09459 1.89076 3.14254 1.39799 2.84663 2.12146 2.52223 
5.50632 2.99442 1.80832 5.15678 4.30241 4.50337 2.14805 2.99178 4.59376 1.54204 
2.30019 1.85457 4.1112 2.41098 5.66936 1.85229 2.43743 3.05441 4.29039 5.78534 
2.36012 3.27381 2.99924 2.74421 0.77975 3.22737 0.198563 3.60767 2.23835 4.71008 
3.34338 1.28089 2.45483 0.208393 3.67044 0.737496 4.35629 2.8648 3.14596 3.46402 
3.79958 2.11021 3.48819 2.64824 5.00445 4.21099 4.04903 1.77237 0.798717 1.3643 
4.47362 1.80884 2.1486 2.08963 1.9771 6.58366 1.67111 0.780716 1.41631 3.8277 

2.65913 0.180063 4.47512 1.50369 2.38711 2.59322 1.94807 2.09545 0.183876 2.54816 
2.73904 0.230281 1.05823 4.98406 2.22961 1.72305 2.5919 0.663757 0.975939 2.57126 
3.00785 6.47589 0.458391 2.223 3.45462 0.507268 1.36469 1.33433 5.55322 4.67536 
1.79583 1.5048 1.30102 3.9087 5.29578 4.03176 1.91475 3.8209 1.48851 2.62201 
1.94603 3.84644 1.28748 4.19617 3.08684 0.117098 2.80479 4.71301 1.1098 3.05183 
2.15837 3.09969 1.59353 1.93243 2.18342 2.37846 5.91947 1.14469 1.51424 1.81177 
1.49301 4.30753 5.31988 5.24814 2.55234 1.23764 4.99654 1.40856 4.84442 1.89673 
3.58562 4.14097 0.793594 4.98185 3.71617 2.40995 1.83254 2.58474 5.79151 3.1241 
4.63616 3.90804 2.11396 1.21339 3.32775 2.77304 1.28781 3.13888 2.10076 1.28637 
0.961338 2.35889 2.34285 1.02573 2.17535 3.83221 1.37495 4.46002 4.58951 3.77054 

2.46165 1.01734 1.90063 3.01323 1.34184 2.08302 1.69572 2.65444 1.99391 3.24404 
1.76976 2.81576 4.29089 4.36564 1.53992 2.88914 3.06921 5.05377 3.73557 1.16491 
0.894273 2.22981 4.96675 2.13177 3.36693 3.80856 1.31278 2.44755 2.70926 3.4888 
2.34226 4.21384 4.71243 2.89809 5.35478 1.53929 3.93244 1.81346 4.09402 1.86431 
1.56998 2.1791 3.15127 0.429181 1.68233 1.26786 2.3042 1.75231 1.82644 1.14876 
2.58028 1.68943 0.978191 2.38751 0.320998 4.22963 0.685578 2.54184 0.192527 5.59552 
1.09434 2.49541 3.78437 1.68589 2.1033 2.15 2.21209 2.25638 1.27433 1.60277 
3.79541 2.18842 4.44852 4.25007 2.10757 3.11262 1.42062 0.841342 2.4733 2.43041 
4.4545 4.43958 3.81561 2.72484 2.64197 0.619103 3.29661 1.89523 4.66081 3.28339 
1.88372 0.893531 0.710758 2.486 2.03057 0.635165 4.04332 4.58933 2.43392 2.79365 

1.9703 0.826504 2.40526 3.75042 2.50625 0.982226 1.58299 5.9277 2.20177 1.19238 
0.987165 2.58772 1.72932 1.59364 2.74189 2.0517 3.05214 3.97853 0.626295 2.46938 
2.25225 5.00831 0.620692 0.977106 2.3505 2.92015 0.207602 0.12097 1.55948 1.14895 
1.02952 3.77594 3.71215 2.3978 3.86363 1.14755 3.08824 1.10145 1.16637 2.39514 
2.66254 0.759395 0.529079 3.90204 2.56189 2.35174 2.95476 2.48304 0.579014 0.552429 
2.76003 2.46813 1.20587 3.16107 2.96494 1.53593 0.815967 2.39172 1.22265 1.27077 
1.21058 0.922837 1.12991 1.75945 2.61794 5.96328 4.098 2.70439 1.7247 3.06052 
2.73323 2.19082 2.32801 3.21878 2.15697 1.6491 3.7124 3.1865 2.39714 2.50131 
0.670378 0.69586 0.670589 2.93348 1.36034 2.25176 2.24977 1.18086 0.6713 1.94524 
0.938563 0.373551 1.97617 1.71249 1.01496 0.555375 1.62174 1.50588 1.88459 2.04202 

1.70977 0.210759 1.67169 0.550511 1.96664 3.86855 1.57569 1.5727 2.28903 2.45325 
1.23202 1.49949 3.45248 2.85483 0.767034 0.112626 1.43333 1.2951 0.0542985 0.986686 
2.6272 3.89155 3.17258 2.19677 2.4008 2.14098 1.85403 2.03536 1.76867 0.633782 
1.14406 0.364882 5.14557 0.834259 1.14916 3.3264 0.576623 0.536834 0.862977 0.71774 
2.19429 0.996306 5.47477 3.27344 1.22459 2.20816 3.79133 2.08156 0.47647 2.08517 
0.129536 0.834269 2.14083 3.25667 1.23092 3.95344 4.20671 0.142565 0.991008 2.26551 
1.84556 0.393765 2.45038 0.557575 2.23591 2.5626 0.599544 1.06418 3.06065 4.29198 
3.96596 2.1547 2.90662 0.84263 2.28012 0.532774 6.02282 4.62831 0.0262331 0.831019 
0.15049 3.5169 1.34592 2.80847 1.48676 4.09124 2.79991 0.423497 3.31044 2.44254 
1.05334 2.35027 1.1787 0.294407 5.31508 0.458759 1.39661 2.29491 2.39082 1.08918 

1.02879 0.451739 0.792687 1.8499 2.70744 1.45016 2.97687 1.39193 0.163303 2.13861 
0.965555 1.34475 3.61788 0 1.4948 0.242446 2.03863 1.8017 0.678801 1.71611 
2.42718 1.04238 4.98279 1.9945 2.1421 1.42094 2.62242 0.947231 0.587381 1.46648 
4.4446 1.62547 0.166953 1.94312 0.377289 1.89977 1.14453 2.02245 1.26271 1.31818 
1.56495 3.63997 3.74366 2.61946 2.68624 0.904959 0.255245 1.66343 1.78657 0.644306 
3.08008 0.917186 0.929457 0.0370039 1.5501 1.38627 0.27493 1.0217 0.252565 1.09113 
1.25915 3.0227 0.808338 0.317832 1.71422 0.520453 1.12859 1.49032 1.91642 0.914847 
1.71584 0.230211 2.3742 2.03934 1.80858 1.68174 1.52642 0.592635 1.33027 3.74737 
3.72609 0.123011 0.820983 1.50411 1.0839 1.25101 2.41366 0.692546 1.41372 0.119609 
0 3.07541 2.38463 0.59381 1.49087 1.84843 2.11961 1.96603 2.40234 0.690161 

0.260325 2.30654 1.31043 1.82382 0.711472 0.308529 2.26828 1.68973 2.07314 1.06694 
0.66507 0.450204 2.62359 2.86113 0.417476 1.58352 0.203928 3.32774 0.493299 1.16708 
1.0288 0.863115 0.465345 1.33 2.10741 2.59441 0.291736 1.15037 2.23902 0.753887 
0.202856 3.04721 0.426197 0.804195 1.69963 2.57429 4.77323 1.31314 0.50462 0.525013 
0.803167 2.18153 0.653309 1.14918 4.64922 0.176762 1.31719 2.08617 0.0438806 0 
0.0525992 1.15051 1.4858 0.799199 0.0592741 1.47983 0.799574 1.61741 3.35884 0.00149519 
1.44315 2.52971 1.5705 2.23032 2.0377 2.49352 1.68942 1.03088 0.855155 2.78597 
2.46429 3.9898 0.50425 2.26868 1.56136 0.495648 4.14964 1.31139 0.417142 1.53763 
2.44751 1.95198 1.12524 1.76672 4.75506 1.30743 1.32143 1.1639 0.576708 2.06595 
2.86552 0.935328 3.85957 2.10176 0.893194 2.58367 2.041 0.925355 1.86199 1.6052 

