#################################### 
# Matrix Size= (50,50,50)
# Resol      = (10,10,10)
# VoxelSize  = (5,5,5)
# nbVal      = 1000
#################################### 
1.92703 0 0 0 2.19119 0 0.308296 0 0 0 
0 0 0.000766224 0 0.935968 0.750665 0.337074 0 0 0.274594 
0.669047 4.00805e-05 1.7689 0.232443 0 0 0.730563 0 0.694517 1.19125 
0.0273562 0 2.18011 0.0335007 0 0.0472084 1.24066 0.0968254 0.130985 0.47395 
0.11162 0.211194 0 0.168521 0.0969031 0.975685 0 1.15816 2.01057 0 
1.16199 0.0917273 0.643084 0 1.47031 0.0156198 0 0 0 0.839896 
0 0 0 0.0433765 0.812157 0.00329657 0 0 1.19586 0 
0 0.0314811 0.200201 0 0.00362792 0.0102566 1.28464 0.07859 2.74872 0.0437994 
1.16584 0.00655 0.000136352 1.25791 0 1.16322 0 0.025267 0 0.114333 
1.12348 0.273703 0.0156573 0.0418997 0 0.645562 0 0.337037 0 1.14587 

0.000942403 0 0 3.64771e-05 1.1241 0.00189531 0 0.0427437 0 0 
0 0 0.0160732 0 0.00327013 0 0.434464 0 0.560637 0.275469 
0.0104014 0 0 0 0.109548 0.258026 0 0.0559855 0.921322 0 
0.831499 0.718114 0 0 1.42817 0 0.0322196 0 0.63479 0.0176581 
0 0.306102 0.153275 0 0 0.0540709 0.338927 0 0.0559905 1.08257e-06 
0.0392588 0 1.04604 1.2471 0 0.468231 0 0.120022 1.11298 1.0368 
0 0 0.0507192 0 0 0.0164673 0.00556594 0 1.00373 0 
0.311855 1.20066 0.69892 0 0 0.980879 0.0062327 0.35195 0 0 
0 0.013009 0.434214 0 0 0 0.000964681 3.41817e-05 0.333527 0.000817421 
0.277047 0.35588 1.25106 0.0961448 0 0 0 0 0 0 

0.752426 0 0 0 0 0.0675647 0 0 0 0.0893914 
1.21795 0 0 0 0.514568 1.12622 0.433572 0 0.00100437 0.124088 
0.0246298 0 0 0.0635637 0.0508178 0 0.00562019 0 0.115406 0.0370102 
0.632267 0 0 0.594525 0 0 0 0 0.4079 0.938252 
0 0.005346 1.37607 0.0066324 0 0.170898 1.20444 0.762447 0 0.492562 
0 0 0 0 0 0 0.513583 0.199733 0.0136357 0.248659 
0.00225573 0.278761 0 0.613562 0.0671849 0.416452 0 0.00721008 0 0.024348 
1.17447 0.021416 0.00329491 0.00400043 0.3776 0.07991 0.00172085 0.202297 0 0 
0 0.326768 0.176502 2.09344 0.0948653 0 0 0 0.0108118 0 
0 0 0.707001 0.465339 0 0.233599 0.0169734 1.10122 0 0 

1.31936 0.168759 0 1.01094 0.0393515 0 0 0.0529796 0 0 
0.00981798 0 0 0 0.00020284 0 0.0536285 0.26384 1.12992 0 
1.05977 0 0 0.603794 1.28605 0 0 0.00773352 0 0.0325698 
0.0560749 0.0176559 0.0379957 0 0.617212 0 0 0.122248 0 0 
1.10491 0 0.485191 1.03792 0 0 1.18259 0 1.16594e-06 0 
0.0191228 0 0 0.287095 1.0078 0 0.0345274 0.453346 0.0111949 0 
0 0.371636 0.00134546 0.0428661 0.291401 0 0 0 0.0775396 0.117482 
0.358583 0.161505 0.0737714 0 0.164373 0.076352 0 0 0.0290295 0.98951 
0 1.49359 1.23117 0.0645732 0.690124 0.0871612 0.99789 0 0 0 
0.19696 0.907056 0.704145 0 0 0.771181 0.80695 0.0253683 0 0 

0 0.0240427 0.157667 0 0.0625744 0 0.000582574 1.00371 0 0 
0 0 0.763342 0.0350592 0 0.00180752 0.00944128 0 0.0829023 0 
0 0.291711 0 0 0.0351846 0 0.0286295 0.00251819 0 1.02557 
0 0 0 0 1.4884e-06 0 0.485256 1.13644 0.0294505 0 
0 0 0 0 0 0 0.615187 0.0138543 0.31098 0 
0 0.87004 0 0.370049 0 0 0.761366 0.140728 0 0 
0 0 0 0.0430815 0.0694602 0.0518234 0 0.821863 0.246735 0 
0 0.746238 0 0 1.04634 0 0 0 0.222136 0.561171 
0.79103 0.186458 0 0 0 0.0385357 1.11064 0 0 0 
0 0.000296759 0.177006 0 0 0 0 0.655578 0.39821 0 

0 0 0.185865 0 0.0686731 0.0347669 0.0033432 0 0 0 
0.000218398 0 0.000622639 2.12786 0.0103235 0.0301908 0.347459 1.20131 0.728966 0 
0 0 0.0373793 0.00744792 0 0 0 1.42363 0.0216663 0 
0 0 0.00661339 0.161101 1.08771 0 0.653137 0 0.843827 0 
0 0 0 0 0 0 0.598568 0 0.0255093 0 
1.17926 0.0022926 0 0 0.0600946 0 0 1.089e-09 0 0.0003814 
0 0 0.0266782 0.717698 0 0.0676631 0.694416 0.365308 0.135768 0.00998869 
0 0 0.905993 0 0 0 0 0 0 0.629294 
0.235398 0.131754 0 0.0883883 0 0 0.218507 0 0 0.0416251 
0 0.0109662 0 0 0.147702 0 0 0 0 0 

0 0 0 0 0.000378941 0 0.00500606 0 0 0.0411369 
0 0 0 0.119384 0.00355899 0.00280768 0.751775 0.868385 0 0.779917 
0 0 0 0 0.000290501 0 0 0 0.0146652 0 
0 0 0.0228215 0 0 0 0 0 0.0443342 0 
0 0 0 0.23422 0 0 0 0 0 0 
0.931135 0.847596 1.21238 0 0 0 0.0375927 1.93373 0.383544 0.104047 
0.76828 0 0 0 1.67728 1.24809 0 1.76946 0 0 
0.486527 0.0442974 0 0.0161154 0.0536088 0 0.083973 0 0 0.720369 
0 0 0.0019667 0 0 0 0 0.160239 0.032907 0.532351 
0 0 0 0 0.00340227 0.0603251 0 0.348747 0.00123418 0 

0 0 0 0.0208802 0 0 9.87531e-06 0.0243639 0 0 
0 0.627032 0 0 0.05702 0.00144724 0.0648081 0 0 0 
0 1.23207 0 0 0.168842 0 0 0 0.047114 0 
1.11431 0 1.51758 0 0 0.0274792 0 0.288191 0 0 
0 0 1.29301 0.945018 0 0.138697 0 0 0.0820132 0.0123338 
0 0 0 0 0 0.0746723 1.16943 0 0.055805 1.4931 
0 0 0 0 0 0.995804 0 0 1.04284 0.598326 
0.623476 0.441793 0 0 0.980278 0 1.08206 0 0 0.114309 
0 0.0405111 0 0 0.0665532 0.000250982 1.28526 0 0 0 
0 0 0 0 0.603158 0.00234219 0.23355 1.14513 0 0.155172 

0 0 0 0 0.376826 0 0.194832 0 0 0 
0.000937692 0.125957 0 0 0 0 0 0 0 0 
0 0 0 0 0.404275 0 1.79712 0 0.0134883 0 
0 0 0 0 0 0 0.0458669 0 0.0149559 0 
0 0.578211 0.436976 0.00626826 0.875255 0.000469663 0 0 0 0 
0.227204 0 0 0 0 0 0 0.0087197 0 0 
0.0027082 0 0 0 0 0.0530729 0.332132 0 0.0745945 0 
0.0805865 0 0 0 0 0.227737 0.231401 0 0.0904792 0 
1.11141 0 0 0 0 0.0391684 5.58962e-06 0 0.407697 0 
0 0.861208 0.535425 0 0 0 0.0247346 0 0.0323134 0 

0 0 0 0.995738 0 0 0 0.51791 0.603798 0.529162 
0 0 0.0715746 0 0 0.518239 0 0.000777402 0 0 
0 0 0 0 0.000663939 0 0 0 0 0 
0 0.0281145 0 0.168837 0 0 0 0 0.160857 0 
0.545463 0 0 0 1.07111 0 0 0.26603 0.00101948 0 
0 0 0 0 0 0.00522645 0 0.00310325 1.38245 0 
0 0 0.00676305 0.00167377 0 0.107042 0 0 0 0.684848 
0.69388 0 0 0 0.0403594 0 0.467604 0 0 0 
0.0699267 0 0 0 0.772596 2.69374e-05 0 0 0 0 
0 0 1.14923 0 0 0 0 0 0.676693 0 

