#################################### 
# Matrix Size= (50,50,50)
# Resol      = (10,10,10)
# VoxelSize  = (5,5,5)
# nbVal      = 1000
#################################### 
39 0 1 14 25 0 22 27 0 0 
18 7 4 5 8 29 6 34 0 6 
12 4 22 9 2 0 22 4 9 11 
2 4 15 2 0 10 22 8 10 5 
5 9 21 21 15 11 0 10 15 0 
31 23 5 8 16 10 15 10 9 36 
0 7 0 3 16 11 1 5 22 0 
0 4 4 6 5 5 14 3 27 10 
12 1 1 11 1 14 0 19 9 9 
14 6 20 5 0 6 0 7 7 12 

2 10 4 1 28 1 0 4 0 11 
5 0 3 3 2 4 14 6 5 5 
14 3 0 1 12 8 0 4 15 0 
17 22 3 0 19 1 6 0 16 2 
13 14 13 0 0 7 8 0 14 8 
8 8 12 30 1 14 0 8 17 23 
5 9 3 1 3 2 2 1 10 6 
10 8 6 8 0 14 10 5 0 0 
1 1 5 4 0 2 17 11 20 26 
17 5 13 4 1 8 10 0 0 0 

6 8 2 0 0 6 9 12 0 6 
12 0 3 7 10 16 5 0 9 12 
13 2 1 4 6 2 5 3 13 6 
10 0 1 7 0 3 0 0 5 14 
0 1 14 12 1 10 15 19 0 9 
0 0 0 1 9 8 12 5 2 15 
9 17 0 12 5 12 10 10 0 3 
14 3 5 3 5 3 1 6 0 0 
3 9 13 17 3 0 0 0 1 0 
6 7 13 7 24 19 3 7 0 0 

28 4 5 7 7 0 1 3 1 0 
10 0 1 0 13 0 6 6 20 0 
9 0 0 17 21 3 0 5 0 4 
6 12 4 6 12 4 0 8 0 0 
18 19 6 15 0 0 7 9 2 0 
11 2 0 9 20 0 4 5 4 20 
7 11 6 4 5 0 0 6 5 5 
5 5 15 1 8 3 0 1 6 24 
0 15 12 7 8 7 8 0 0 1 
18 8 12 5 9 45 18 4 4 22 

0 2 4 0 3 5 6 9 0 0 
18 3 6 14 0 4 3 4 5 0 
0 9 0 0 4 0 3 2 1 8 
0 11 0 12 18 2 7 9 3 3 
14 10 1 0 0 1 7 2 7 0 
0 17 2 9 6 0 11 4 0 7 
0 0 0 10 8 6 6 13 20 0 
14 22 2 25 16 5 5 4 25 27 
7 7 6 0 0 4 7 9 0 0 
0 10 7 0 4 7 21 5 26 0 

8 5 4 4 3 6 2 0 1 0 
3 0 1 27 2 12 5 9 8 1 
0 5 8 1 0 4 0 9 8 6 
0 4 2 4 12 9 9 4 14 15 
1 5 5 1 3 1 9 2 7 0 
14 1 0 0 3 15 0 1 0 2 
0 6 2 9 5 3 11 8 3 1 
5 10 11 3 7 10 1 0 0 9 
38 6 12 4 0 0 15 7 3 5 
0 1 4 0 4 0 13 1 0 8 

0 4 13 6 1 0 4 11 5 3 
0 3 0 4 11 1 8 6 4 21 
0 7 0 0 5 0 2 0 7 14 
2 10 10 11 0 0 5 0 3 0 
0 0 0 5 1 0 9 3 0 8 
27 7 14 0 6 1 6 18 13 13 
8 0 0 1 12 11 3 13 0 0 
10 11 5 12 12 1 19 0 0 18 
1 3 1 0 9 0 0 6 3 6 
3 0 0 5 1 6 1 8 1 0 

12 0 0 3 0 0 1 2 0 0 
0 8 5 0 5 1 3 0 0 6 
0 18 2 0 6 2 6 0 2 0 
8 0 16 0 6 4 0 6 0 0 
0 0 23 6 8 7 0 0 4 2 
0 0 0 0 2 4 10 0 3 15 
0 1 0 4 3 14 3 6 6 20 
5 8 3 0 12 0 7 5 0 3 
1 6 3 12 5 2 8 3 0 20 
0 0 0 1 6 1 5 6 4 9 

9 0 1 0 20 0 5 0 0 0 
2 3 9 0 0 0 0 0 0 0 
2 0 14 1 8 9 12 0 2 0 
0 4 0 7 0 0 6 1 2 0 
0 16 11 12 19 8 0 4 6 0 
4 0 0 0 0 0 2 1 0 8 
1 3 7 3 0 4 12 0 5 0 
3 1 0 0 1 14 4 0 10 0 
12 0 0 6 0 8 1 0 9 0 
0 7 7 0 0 0 4 0 6 0 

0 1 0 20 0 0 0 8 8 6 
0 0 6 8 3 15 0 4 0 0 
0 0 0 0 35 0 0 0 0 0 
0 2 0 7 0 0 1 9 4 0 
7 0 0 0 9 0 0 5 1 0 
1 0 2 0 0 1 0 2 10 0 
0 0 2 1 9 6 0 0 0 23 
15 6 0 12 9 13 6 3 3 10 
8 0 0 1 6 1 0 8 0 0 
0 0 8 0 0 0 0 0 18 0 

