#################################### 
# Matrix Size= (50,50,50)
# Resol      = (10,10,10)
# VoxelSize  = (5,5,5)
# nbVal      = 1000
#################################### 
43 9 14 53 32 28 16 27 12 22 
30 9 40 48 5 20 44 21 4 69 
6 35 71 50 21 27 28 38 19 20 
19 22 21 25 46 6 23 23 37 37 
59 18 25 41 24 28 31 4 72 18 
43 43 16 12 46 21 11 37 35 23 
19 45 37 12 11 6 11 30 45 9 
44 11 31 29 34 39 29 18 24 26 
49 11 6 31 31 11 18 59 24 33 
20 32 33 24 26 27 11 51 37 17 

37 22 77 17 59 9 9 3 10 35 
3 12 27 10 30 24 59 9 19 10 
22 19 24 20 25 10 19 12 28 40 
21 35 44 35 15 37 15 20 20 15 
26 38 17 16 42 20 28 3 21 13 
12 9 33 27 26 2 21 30 19 20 
34 21 34 19 6 41 3 15 25 32 
12 17 45 6 12 7 28 48 25 36 
19 14 15 53 10 51 34 32 32 22 
22 12 19 6 14 14 10 20 52 50 

16 35 37 24 33 18 25 37 36 25 
19 26 9 22 23 24 3 14 14 12 
37 21 7 12 18 4 61 32 26 15 
23 45 14 8 50 21 25 58 33 19 
9 11 7 26 11 3 13 12 14 17 
6 13 13 3 21 24 30 20 12 22 
40 13 17 23 18 3 35 14 22 24 
58 20 10 34 16 20 30 10 28 3 
2 10 6 20 40 21 46 52 30 34 
15 14 5 40 32 30 46 20 16 40 

60 13 29 14 17 41 36 28 41 62 
13 11 11 48 34 23 20 44 20 18 
25 25 14 5 14 20 26 18 20 55 
6 26 4 11 32 10 7 16 12 35 
15 8 17 13 37 22 22 9 18 14 
10 51 8 35 30 6 10 35 12 12 
15 22 31 30 42 17 8 24 19 23 
7 7 33 5 19 23 14 33 12 26 
25 44 36 13 21 14 21 18 10 32 
1 40 13 21 37 27 16 30 19 18 

9 12 11 4 10 0 23 20 19 1 
11 7 4 48 11 18 10 14 27 8 
23 28 9 14 5 18 17 21 6 29 
23 11 27 37 12 26 20 18 38 12 
25 25 10 37 24 19 23 13 12 17 
6 17 18 43 27 26 13 39 21 22 
23 9 15 35 5 19 28 21 15 1 
8 4 18 21 21 11 11 15 18 13 
42 13 17 27 27 20 11 27 7 18 
37 39 17 17 5 32 4 17 11 15 

0 1 0 12 17 53 6 16 6 13 
14 23 15 21 6 9 4 18 7 2 
13 30 8 32 19 14 38 12 17 6 
16 21 11 19 19 10 12 2 13 17 
21 6 20 7 3 27 28 16 4 17 
28 25 10 30 17 8 1 16 18 4 
26 21 6 12 5 13 31 11 24 13 
22 26 25 12 15 17 17 21 36 9 
11 11 20 19 4 11 30 16 15 40 
6 10 11 31 34 17 5 12 13 17 

14 13 3 7 15 19 18 6 0 2 
0 20 16 16 8 5 26 20 18 8 
23 11 0 16 32 29 3 17 8 23 
21 10 2 6 11 2 9 26 10 44 
27 27 16 13 23 2 10 3 15 6 
9 1 23 2 30 7 2 16 17 4 
19 0 16 6 3 19 4 9 12 26 
28 24 22 27 13 14 32 9 20 13 
6 8 14 10 16 7 15 8 39 39 
41 21 6 12 26 20 18 21 1 0 

9 16 11 5 12 9 29 5 15 23 
10 18 1 21 18 22 18 23 11 14 
28 9 15 18 5 27 12 8 3 9 
9 20 28 10 35 3 13 9 9 17 
16 3 10 3 31 21 29 1 8 21 
17 6 17 4 11 10 23 19 16 6 
7 12 2 10 2 8 8 2 3 25 
25 4 6 5 0 18 2 1 4 10 
4 5 12 24 15 14 5 5 14 4 
20 29 6 6 2 5 34 18 11 4 

0 1 12 1 12 6 3 0 2 27 
6 2 8 23 24 12 10 8 15 0 
11 1 24 16 8 0 6 20 3 5 
6 2 5 1 23 0 10 6 7 2 
0 1 24 11 13 2 0 12 3 7 
7 20 6 5 6 10 7 12 16 8 
0 12 2 18 6 5 6 1 30 2 
24 10 9 12 14 25 6 3 4 13 
12 13 5 21 8 5 23 2 6 13 
2 0 7 8 3 0 4 0 12 30 

1 0 3 3 1 3 10 0 0 1 
10 0 35 6 21 0 34 21 6 4 
10 0 13 11 12 9 8 6 2 9 
4 3 12 3 7 8 19 2 0 1 
9 2 7 26 28 22 8 15 5 22 
3 13 2 8 5 24 31 8 2 1 
7 6 7 23 16 12 9 25 19 11 
0 17 32 18 9 8 22 0 1 0 
48 1 4 25 7 5 8 4 4 18 
7 0 21 9 22 15 11 6 1 23 

