#################################### 
# Matrix Size= (50,50,50)
# Resol      = (10,10,10)
# VoxelSize  = (5,5,5)
# nbVal      = 1000
#################################### 
4.00856 1.19287 0.330663 5.03384 3.63177 1.93825 0.598437 1.9868 1.16404 1.79254 
1.60123 0.820401 1.60563 4.51928 0.0467811 0.855415 4.30168 1.36937 0.0176787 5.13562 
0.268312 1.31689 5.24908 4.28755 1.96311 1.5076 3.37413 3.04544 1.02197 2.21497 
0.70796 1.56671 1.43189 2.04752 3.56985 0.554157 1.26778 1.85703 3.368 2.9547 
4.79423 1.05952 1.65646 1.97192 1.40898 1.96317 2.2152 0.0284574 5.4646 1.15066 
1.57766 4.28412 1.19154 0.102009 3.04439 2.20891 0.690597 2.57371 0.99567 2.1675 
0.730373 2.5575 1.8692 0.138387 0.666378 0.0797488 0.793658 4.06635 4.73217 0.346175 
3.5355 1.27767 2.09185 2.56221 2.353 3.20517 1.08321 0.877652 1.62186 0.921953 
3.52208 0.700693 0.462434 1.89289 0.339259 0.438655 1.47153 3.17888 1.56745 2.65355 
1.01107 3.33229 2.46375 1.88986 1.67164 2.45498 0.149884 3.33057 1.91435 0.354496 

3.36505 1.68918 5.10116 1.08124 5.70288 0.24564 0.595485 0.0559905 0.452128 3.79736 
0.0622232 0.450927 0.986225 0.18799 2.89656 1.43853 4.30978 0.176161 0.821046 0.816024 
2.62833 0.739015 2.29692 1.60111 1.70059 0.258965 0.877463 0.411681 1.93461 3.3058 
1.00926 3.66042 3.66346 2.1022 1.29679 2.54613 0.715862 0.986136 1.27846 1.57641 
3.21981 3.25443 1.72284 1.28347 2.4471 1.72587 1.38173 0.00468023 2.15539 1.02827 
1.20782 0.305649 0.856848 2.3778 2.32046 0.0183385 0.931552 2.13591 0.652022 1.31727 
2.80188 2.32316 2.80828 0.780354 0.186438 4.5073 0.0206095 1.19205 1.71595 3.38026 
0.629076 1.7098 3.22038 0.0487958 0.707247 0.902338 2.23623 4.27261 2.62391 3.66085 
1.37531 2.08393 0.683971 3.80546 0.175937 4.76591 1.7565 1.73605 2.55152 1.33199 
2.42722 0.629279 1.93724 0.0372703 1.15921 0.653665 0.734414 0.852298 2.39433 1.57657 

0.360883 2.67829 3.10697 1.68457 2.2529 1.22782 1.90293 3.60451 2.64298 0.742767 
1.372 2.23278 0.138732 1.74888 1.9656 2.74717 0.132467 0.577526 0.496151 0.885426 
2.23437 0.728702 0.711928 0.134433 1.55656 0.074414 4.86651 2.4542 1.21307 0.670613 
1.86935 3.66754 1.53187 1.11048 4.50662 1.77964 1.85465 4.41443 3.10594 1.05743 
0.510994 1.77929 0.140222 2.15217 1.01347 0.04627 0.478274 0.0944402 0.999864 0.597132 
0.0526189 0.719105 0.998561 0.0484312 2.43922 1.55555 2.3359 1.34445 0.461296 1.97542 
3.8955 0.989446 0.763958 1.47894 1.07456 0.0863478 1.78582 0.483166 1.65454 2.1817 
1.65797 1.76576 0.38044 3.26899 0.456381 2.67596 1.73262 0.348054 2.3178 0.0749557 
0.0233014 0.959634 0.129419 2.34576 3.46249 1.45783 4.3301 4.56172 2.73236 2.1617 
0.876529 1.30532 0.193459 2.60364 2.14867 0.754993 2.11161 1.24685 1.36813 3.21021 

2.99362 0.0650993 1.81327 1.14699 1.75551 1.89831 1.70041 3.09305 1.82676 2.53889 
1.13944 0.41164 0.572388 5.07782 3.59094 1.22285 0.329868 2.90566 1.20581 0.565833 
1.94123 2.34842 0.399405 0.0506967 0.981059 2.06615 2.2329 0.492943 1.17735 5.20117 
0.0737447 1.26181 0.0699264 0.982542 2.65697 0.306789 0.118091 1.87269 0.150747 1.55749 
2.14894 0.477389 0.835784 0.303872 3.42052 0.659497 1.30015 0.0498376 1.46746 0.590291 
0.521858 2.9523 0.164498 3.28688 1.87543 0.0334065 0.452865 2.48376 0.941052 0.542282 
1.25224 0.84392 2.57815 1.79985 2.13395 1.37637 0.102623 3.37844 2.07711 1.64015 
1.1657 0.185125 2.53519 0.0620105 0.532929 1.56922 0.54733 3.53368 0.888162 0.747628 
2.4538 4.85327 2.46063 0.73757 2.33119 0.617142 0.854402 1.2359 0.824963 1.26796 
0.00213959 1.87626 0.97276 0.965052 3.05824 1.3269 0.592025 2.73668 0.755404 0.114845 

0.516949 0.52196 0.628295 0.0474909 0.556185 0 2.93734 1.06791 1.66139 0.00115735 
0.551059 0.0919771 0.0205424 3.33385 0.516562 0.816158 0.720494 0.31135 1.53428 1.00411 
0.631491 1.13597 1.20684 1.28465 0.288231 0.767776 0.434984 1.76181 0.219442 2.0003 
2.44571 0.222474 2.00863 3.76195 0.540289 1.47625 2.11315 1.04969 4.10761 0.609671 
2.12816 2.47369 0.166976 2.89385 1.3615 2.31765 1.10575 0.842297 0.35451 1.35219 
0.490454 1.20878 0.695373 3.05405 2.036 1.60947 0.433553 3.69242 1.06316 2.34233 
1.14759 0.124222 1.08704 2.30854 0.211725 1.09268 2.36932 2.37311 1.25724 0.000759919 
0.560044 0.0604235 0.915263 1.21419 1.41111 1.14788 0.350979 0.891206 0.813692 0.976205 
1.46041 1.1637 0.839922 0.835078 2.81144 1.67117 1.15479 0.954729 0.202283 1.66075 
1.40814 4.69401 1.1332 0.691621 0.0588395 2.72523 0.246386 0.938048 0.507871 1.98615 

0 0.00225865 0 0.531196 0.531434 3.70284 0.228007 1.75417 0.812055 0.876972 
1.38152 2.83331 1.20245 1.7836 0.521694 0.566427 0.0259259 0.950119 0.0655238 0.00593 
0.828956 1.88631 0.902059 2.94915 0.705298 0.685775 3.26485 0.643511 1.31069 0.211431 
1.81135 1.66478 0.955146 1.74885 1.51258 0.748145 1.4228 0.00771459 0.796586 1.42249 
1.05763 0.260257 2.13023 0.348876 0.0191573 2.72388 1.25726 2.15994 0.00763995 1.15909 
1.92361 2.36512 1.28595 3.20938 0.752395 0.190041 0.000228981 1.26355 1.73395 0.182445 
2.00266 1.50416 0.0554485 0.694067 0.0915646 1.29825 1.70886 0.464604 0.840479 0.581408 
1.76042 1.78455 3.03994 0.760534 0.409946 1.30189 1.77164 1.67445 3.44432 0.284798 
0.271404 0.60502 0.979605 0.809484 0.102308 0.76253 2.49975 0.287411 1.26872 3.94126 
0.124869 0.264993 0.216579 2.37853 1.73708 2.50185 0.0543999 0.196429 0.909304 0.895008 

1.43771 0.777259 0.0102794 0.278392 1.46257 1.00381 1.30901 0.475053 0 0.0238975 
0 1.42226 0.999776 1.37064 0.0731258 0.0108101 2.65535 0.903101 1.5729 0.335712 
1.76523 0.891166 0 0.440911 2.55913 1.95177 0.0241896 1.41863 0.690083 1.231 
1.24466 0.51241 0.0153551 0.255643 0.559842 0.0180772 0.218871 1.88913 0.514696 2.86646 
2.11533 2.33399 0.764574 0.6799 1.24325 0.010503 0.737514 0.0185954 1.03345 9.10134e-05 
0.5449 0.001654 1.25463 0.00701358 3.19105 0.871162 0.0142312 1.90737 0.83801 0.199319 
1.28288 0 1.42476 0.0496068 0.0922489 1.35628 0.0348134 0.368138 0.784942 1.80284 
2.37713 1.71179 1.87756 2.37966 0.946063 0.540129 1.59921 1.1162 1.50514 0.214509 
0.0208328 0.235176 0.457255 0.0584581 0.967017 0.345656 0.656034 0.240647 3.70095 1.65409 
2.28079 1.59799 0.424831 1.1936 2.0721 1.27021 0.779214 0.439005 0.0139731 0 

0.417711 1.75693 0.49358 0.262252 0.656759 0.258054 2.93399 0.220026 0.868954 0.66504 
0.824929 2.47065 0.00123418 2.40841 0.725464 2.00479 1.41165 1.89279 1.06105 1.18152 
0.798477 0.114792 1.06245 1.66524 0.261365 2.91179 1.11025 0.259119 0.0398295 0.408629 
0.392265 1.96708 1.86546 0.843887 1.88112 0.127803 0.714522 0.999558 0.459599 0.238289 
0.911272 0.048778 0.749566 0.0256995 2.607 0.672255 1.24577 0.00912418 0.173996 1.0647 
1.51372 0.517792 1.24135 0.0703899 0.395258 1.00367 1.00196 0.677505 0.934295 0.146466 
0.168466 0.129663 0.00155465 0.115589 0.0203452 1.04769 0.95411 0.0142395 0.0166748 1.22836 
1.56689 0.0233078 0.060501 0.0773412 0 1.26859 0.00128019 0.0021728 0.146319 0.754378 
0.0920356 0.716758 0.817281 0.667673 1.38451 1.05873 0.0827968 0.0710335 0.957843 0.122495 
1.38602 3.4486 0.151573 0.0968484 0.0154778 0.496831 1.33991 0.254084 0.959254 0.0777375 

0 0.00196984 0.568494 0.0128804 0.705087 0.44612 0.00639955 0 0.0212087 2.07521 
0.139029 0.0176342 0.767576 1.72759 1.74279 0.635972 0.719153 0.649657 1.50416 0 
1.03355 0.00082242 3.59058 0.977433 0.462203 0 0.113578 1.00625 0.134401 0.129736 
0.0988999 0.00518839 0.0204563 0.00466809 2.59475 0 0.462383 0.289414 0.619019 0.00178714 
0 0.00138939 1.66649 0.608139 0.957514 0.0103154 0 0.215649 0.036064 0.477429 
0.0595148 1.31908 0.072429 0.0967558 0.636919 0.477382 0.339631 0.419998 2.3709 0.10439 
0 0.809443 0.0296487 1.46185 0.0501814 0.0418688 0.516774 0.000713414 2.77829 0.0226085 
0.386767 0.932909 0.12632 0.840323 0.41496 1.87832 0.130435 0.0894202 0.0886683 1.18904 
0.112602 1.7689 0.251406 1.66487 0.402031 0.300824 1.75289 0.0243944 0.149898 1.16094 
0.00127636 0 0.686575 0.372134 0.0121891 0 0.00787389 0 1.35164 1.70667 

0.000255698 0 0.0722683 0.0544015 0.00273817 0.0361587 1.48643 0 0 0.00430879 
0.256372 0 4.75284 0.526592 1.02717 0 1.63428 1.31431 0.393757 0.122755 
0.613095 0 1.22471 0.703336 1.26299 0.556798 0.29486 0.0596823 0.000288915 0.248916 
0.0342166 0.045627 1.03754 0.0396567 0.0608241 0.599683 0.721682 0.0198973 0 0.011288 
0.580711 0.0064319 0.713921 2.22772 1.17976 1.75039 0.414743 0.965546 0.158752 1.15181 
0.0259528 1.54167 0.0106019 0.400278 0.323769 3.02211 1.71243 0.232453 0.00378888 0.00302306 
0.538838 0.710724 0.296271 0.816428 1.73489 0.439768 0.730181 3.80602 1.61743 1.04959 
0 1.18815 1.36051 2.25848 0.0411139 0.0416452 1.13215 0 0.00676305 0 
1.83697 0.0142175 0.223372 1.78277 0.265014 0.050981 0.164533 0.32063 0.057539 1.0291 
0.351101 0 1.88505 1.23863 0.986481 1.35806 0.341703 0.367611 0.00102218 0.578477 

