#################################### 
# Matrix Size= (50,50,50)
# Resol      = (10,10,10)
# VoxelSize  = (5,5,5)
# nbVal      = 1000
#################################### 
3.9698 1.20337 0.98081 5.55647 3.29162 2.60962 1.06991 2.53015 1.21173 2.17314 
2.24864 1.03702 2.16885 5.05154 0.231498 1.56301 4.55585 2.03847 0.185894 5.877 
0.523645 2.35119 5.74191 4.89158 1.81039 1.87283 3.17206 3.43105 1.86128 2.4764 
1.63237 2.17124 2.03101 2.60134 4.07461 0.744417 1.49771 2.6165 4.36883 2.47572 
5.71787 1.40936 2.30288 2.63665 2.35738 3.11708 3.01247 0.182961 6.30827 1.47638 
2.07152 5.25325 1.72136 0.548004 4.1793 2.5231 0.874321 2.77182 2.01352 2.51581 
1.42052 4.08723 3.1556 0.74855 0.982379 0.322376 1.04728 3.95363 5.72101 0.872281 
4.66561 1.35132 2.15006 2.77493 3.04598 3.74645 2.3712 1.68098 2.43331 1.88862 
4.05708 0.941131 0.683442 2.45816 1.12966 1.08071 1.73785 3.79065 2.28488 3.45194 
1.05191 3.86839 2.97075 2.68036 2.30281 2.78232 0.74413 3.60472 2.77953 0.656251 

3.94738 2.5358 6.36775 1.85679 5.90427 0.633917 0.995643 0.236623 0.889811 4.18441 
0.249446 1.07645 2.14715 0.75996 3.55455 2.12145 5.46276 0.687478 1.66255 1.26038 
2.28606 1.43007 2.79721 2.35294 2.30851 0.596196 1.48407 1.01911 2.98718 4.11836 
1.85074 3.73323 4.89176 3.42549 1.6968 3.61608 1.50777 1.50069 1.58533 1.65662 
3.20074 3.47926 2.02795 1.77776 3.61925 2.46144 2.40818 0.106038 2.60165 1.60865 
1.42507 0.853546 2.20507 3.07753 3.06542 0.188197 1.8757 3.1406 1.8877 2.05443 
3.74748 2.23482 3.7766 1.6865 0.491775 5.01999 0.163338 1.34681 2.67287 3.79006 
1.25287 2.17358 4.50138 0.401084 1.28211 1.0465 3.11956 5.0877 3.09347 3.84971 
1.64498 2.03331 1.28945 5.46149 0.6119 5.45447 3.4601 2.9853 3.40686 2.34408 
2.64863 1.11597 2.21474 0.253762 1.42811 1.01354 1.1545 1.70299 3.20198 2.55945 

1.14782 3.63187 3.87281 2.21364 3.07352 1.68569 2.59292 4.17737 3.38831 1.83027 
1.77674 2.90204 0.487127 2.17563 2.26393 2.69214 0.363961 1.33757 1.40219 1.33349 
3.23813 1.66048 0.9137 0.732021 1.98499 0.315384 6.1547 3.4766 2.19301 1.34344 
2.17093 4.26263 1.82396 1.14566 5.30069 2.11402 2.87426 6.30342 3.83111 1.79286 
1.01007 1.46849 0.376002 2.81344 1.16967 0.215105 0.933322 0.682893 1.38461 1.33462 
0.320968 1.25965 1.3712 0.220071 2.23903 2.16695 3.06158 2.08055 1.15662 2.45331 
4.90558 1.57904 1.31392 2.4598 1.77373 0.35235 2.969 1.2697 2.49508 2.03869 
2.09599 2.3778 0.847689 3.76293 1.22279 2.78358 2.56603 0.941596 2.79062 0.27378 
0.152648 1.18557 0.476044 2.66151 4.08743 2.19739 4.55943 5.53356 3.39324 3.42356 
1.22126 1.4572 0.618374 3.03062 2.60661 1.40848 2.95773 1.81377 1.5737 3.5257 

3.70765 0.443186 2.5657 1.26485 2.28444 2.35941 2.06039 3.21655 3.30012 2.80589 
1.46329 1.20114 0.904408 5.488 3.64064 2.12687 1.30549 3.63011 2.11272 1.3667 
2.26394 2.82624 1.06358 0.303407 1.55468 2.09554 2.49675 1.4376 2.03716 6.15056 
0.325901 2.13862 0.264436 1.17805 3.80789 0.82756 0.559182 2.05278 0.680224 2.09786 
2.06899 0.973567 1.71141 1.00943 3.90272 1.72606 2.07511 0.423113 2.01933 1.23598 
1.06457 4.54484 0.611142 4.12101 2.60609 0.30672 1.0291 3.62056 1.2641 1.07755 
1.72294 1.79264 3.35125 2.49976 3.70217 1.77747 0.558404 3.18293 2.46836 2.46053 
1.07967 0.60839 3.46898 0.324247 1.40846 2.07517 1.2228 4.24313 1.32668 1.2787 
2.39775 5.07507 3.2525 1.46157 2.45032 1.50518 1.72833 1.55967 1.05462 1.53715 
0.0462557 2.38991 1.62303 1.71447 2.85612 2.62759 1.2774 3.50622 1.3945 0.720424 

0.718992 0.995022 1.21547 0.308176 1.03069 0 2.58823 1.37803 2.549 0.0340199 
0.943137 0.428031 0.202812 4.55928 1.07459 1.53178 1.09978 1.10354 2.31734 1.0109 
1.41881 2.19267 1.25264 1.46427 0.536872 1.65111 1.14958 2.42877 0.663741 2.1175 
2.71914 0.820431 2.55092 4.08287 1.11929 2.71051 2.40758 1.59291 4.06017 1.16645 
2.29163 2.8024 0.715339 3.36652 2.13702 2.36425 2.26543 1.48525 1.18932 2.05631 
0.700324 1.87 1.54434 4.21204 3.00016 2.49981 1.04144 4.24919 1.77524 2.78592 
1.99799 0.663625 1.2775 3.04349 0.500311 2.01694 2.98061 2.75782 1.5943 0.0275666 
0.806257 0.245812 1.72818 2.02268 2.10059 1.30501 0.879397 1.3362 1.55633 1.06666 
1.77306 1.39522 1.58348 2.27239 3.40405 2.19983 1.23609 1.98838 0.63805 1.9203 
2.09226 4.41347 1.76977 1.13668 0.313814 3.46185 0.496373 1.65675 1.09542 2.12835 

0 0.0475252 0 1.04567 1.49959 4.64606 0.533991 1.85874 0.901141 1.15004 
1.56148 2.58902 1.5292 1.99793 0.722284 0.752613 0.207544 1.63109 0.357065 0.0999321 
1.27381 2.87925 0.973055 3.5314 1.62499 1.47879 3.8188 1.18291 1.74777 0.459816 
1.90054 2.43402 1.26203 1.84079 1.86048 1.07773 1.54244 0.104899 1.42213 1.73818 
2.01986 0.642021 2.19617 0.590658 0.147191 3.13778 2.38225 2.07722 0.126611 1.73128 
1.72334 3.03281 1.134 3.72063 1.29999 0.530824 0.0151321 1.6757 2.10166 0.427135 
2.54884 2.00426 0.377242 1.21598 0.370616 1.41962 2.98649 0.920819 2.20784 1.23335 
2.20524 2.53587 3.12573 1.12792 1.12361 1.83173 1.90237 2.29825 4.22971 0.694324 
0.726267 1.11321 1.63855 1.7818 0.319855 1.14742 3.20693 1.04672 1.54405 4.48749 
0.392893 0.514775 0.74226 2.81982 2.35558 2.31997 0.377762 0.812687 0.953574 1.03422 

1.69555 1.19867 0.132779 0.584823 1.8877 1.86862 1.61352 0.792266 0 0.154588 
0 2.04765 1.64175 1.95311 0.400605 0.173188 2.615 1.9513 1.91127 0.761936 
2.30501 1.39079 0 1.12508 3.46762 2.93401 0.163224 1.88105 0.830712 1.34787 
1.57214 0.715828 0.123916 0.505612 1.07315 0.134451 0.727531 2.49006 0.94413 3.27652 
2.90327 3.06363 1.54445 1.3717 2.25511 0.102484 1.17577 0.154435 1.68525 0.0095401 
0.99458 0.0406694 2.44122 0.11784 2.83178 0.933361 0.119294 2.12826 1.48768 0.446452 
1.90469 0 2.03801 0.386754 0.303725 2.11829 0.235452 0.813468 1.35236 2.59889 
3.17683 2.42894 2.41045 2.76212 1.59742 0.991395 2.9096 1.07984 1.99721 0.84803 
0.177001 0.686946 0.996105 0.483081 1.3349 0.655577 1.13394 0.644951 4.28816 2.53342 
2.18532 2.23503 0.687565 1.44694 2.03527 1.80828 1.32863 0.850187 0.118208 0 

1.00449 1.62601 0.865513 0.512106 1.24603 0.71803 2.78505 0.469259 1.27312 1.4689 
0.908256 2.69666 0.0351308 2.56986 1.34571 2.84144 1.93524 2.04237 1.30742 1.49779 
1.18385 0.566767 1.47511 1.80527 0.531492 3.38583 1.05368 0.810183 0.270689 0.761354 
0.62631 1.95205 2.14413 0.954465 3.46848 0.357496 1.41043 1.1619 0.946651 0.827947 
1.48657 0.220857 1.16877 0.199305 3.18367 1.47632 2.46324 0.0955206 0.583425 1.85222 
1.78418 0.719578 1.5202 0.265311 1.01732 1.38007 2.01929 1.54728 1.31293 0.538422 
0.593454 0.590648 0.0491542 0.64112 0.142637 1.11265 0.976786 0.119329 0.133438 1.20224 
2.03933 0.218212 0.46551 0.300135 0 1.81506 0.0357797 0.0466133 0.382516 1.27524 
0.385734 0.846616 1.44565 1.75456 1.96628 1.3714 0.339815 0.266521 1.70877 0.349993 
1.65732 3.47869 0.549436 0.42346 0.12441 0.704863 1.87971 0.542815 1.09704 0.278814 

0 0.0443829 1.06401 0.113492 1.18544 0.667922 0.10552 0 0.145632 2.38034 
0.422505 0.132794 1.01787 2.14644 2.62997 1.09349 0.848029 0.878305 1.72266 0 
1.02731 0.0286779 3.76251 1.63134 0.697553 0 0.51544 2.11685 0.366608 0.464206 
0.366269 0.0720305 0.199613 0.0683234 2.68092 0 0.970624 0.537972 0.837095 0.0422746 
0 0.0372745 2.10291 1.06428 1.15625 0.133326 0 0.774456 0.189905 0.861663 
0.349864 1.87041 0.369596 0.319604 0.798072 0.944472 0.786945 0.957475 2.10589 0.53371 
0 1.33136 0.172188 2.22045 0.385262 0.287935 0.718884 0.0267098 3.47188 0.150361 
0.925634 0.965872 0.606643 1.30306 1.14389 2.38393 0.361158 0.299032 0.38856 1.15595 
0.624478 1.33 0.501404 2.30113 0.634059 0.548474 2.25802 0.156187 0.547398 1.3826 
0.0357262 0 0.857987 0.660505 0.15248 0 0.122642 0 1.30703 2.40554 

0.0159906 0 0.268828 0.233241 0.0523276 0.258441 1.60006 0 0 0.0656414 
0.692153 0 4.32101 0.725666 1.85767 0 2.33463 1.88175 0.627501 0.350365 
0.907247 0 1.42686 1.17509 1.47068 0.893677 0.844251 0.317206 0.0169975 0.755663 
0.189193 0.213605 1.35192 0.19914 0.418358 0.94515 1.89249 0.141058 0 0.106245 
1.0013 0.11313 0.861056 2.99848 1.08617 2.28218 0.644005 1.22405 0.398437 1.31729 
0.227349 1.24164 0.144148 0.701541 0.64396 2.51523 1.84987 0.722045 0.0869075 0.0549824 
0.734056 0.843045 0.73394 1.50317 1.86269 1.11053 1.16401 3.33862 1.85978 1.23146 
0 1.4395 1.52133 2.22496 0.343873 0.315723 1.6085 0 0.0822378 0 
2.57867 0.119237 0.472622 2.67131 0.60227 0.382203 0.476004 0.566242 0.279546 1.93123 
0.592538 0 2.08161 1.11294 1.40086 1.48948 0.914339 0.606309 0.0319716 1.03765 

