#################################### 
# Matrix Size= (50,50,50)
# Resol      = (10,10,10)
# VoxelSize  = (5,5,5)
# nbVal      = 1000
#################################### 
1.96255 0 0 0 1.97984 0 0.555244 0 0 0 
0 0 0.0276807 0 0.967454 0.866409 0.580581 0 0 0.524017 
0.817953 0.00633091 1.33 0.482124 0 0 0.85473 0 0.833377 1.24453 
0.165397 0 2.08734 0.183032 0 0.217275 1.11385 0.311168 0.403161 0.68844 
0.334096 0.648358 0 0.506825 0.311293 0.994382 0 1.07618 2.15268 0 
1.38206 0.302865 0.801925 0 1.70158 0.124979 0 0 0 0.916459 
0 0 0 0.20827 1.09425 0.0574158 0 0 1.09355 0 
0 0.245993 0.447438 0 0.0602322 0.101275 1.54988 0.280339 2.86496 0.209283 
1.07974 0.0809321 0.011677 1.23936 0 1.52273 0 0.158956 0 0.416603 
1.05995 0.523167 0.125129 0.204694 0 0.803469 0 0.580549 0 1.07045 

0.0306986 0 0 0.00603963 1.06023 0.0435352 0 0.283334 0 0 
0 0 0.12678 0 0.057185 0 0.659139 0 0.748757 0.524851 
0.101987 0 0 0 0.460917 0.507963 0 0.328349 1.0632 0 
1.01373 1.12491 0 0 1.68375 0 0.179498 0 0.796737 0.132884 
0 0.674476 0.512893 0 0 0.232532 0.582175 0 0.236623 0.00104047 
0.198138 0 1.28561 1.77945 0 0.924507 0 0.346441 1.3273 1.07743 
0 0 0.225209 0 0 0.128325 0.0746052 0 1.00187 0 
0.558439 1.12579 0.836015 0 0 0.990393 0.0789475 0.593254 0 0 
0 0.114057 0.658949 0 0 0 0.0310593 0.00584651 0.79095 0.0332266 
0.526352 0.596557 1.44559 0.354085 0 0 0 0 0 0 

0.867425 0 0 0 0 0.259932 0 0 0 0.298984 
1.32379 0 0 0 0.807113 1.13112 0.658462 0 0.0316917 0.352261 
0.156939 0 0 0.252118 0.225428 0 0.0749679 0 0.424924 0.19238 
1.03446 0 0 0.779693 0 0 0 0 0.63867 0.968634 
0 0.0731163 1.17306 0.0814395 0 0.413398 1.09747 0.873182 0 0.701828 
0 0 0 0 0 0 1.00111 0.446915 0.116772 0.498657 
0.0474945 0.720461 0 1.0596 0.2592 0.645331 0 0.0849122 0 0.174576 
1.37823 0.186168 0.0574013 0.0755225 0.641879 0.282683 0.0414832 0.511144 0 0 
0 0.732882 0.698636 2.13524 0.308002 0 0 0 0.10398 0 
0 0 1.49183 0.682158 0 0.483321 0.162612 1.04939 0 0 

1.75546 0.410802 0 1.00545 0.198372 0 0 0.230173 0 0 
0.121588 0 0 0 0.0142422 0 0.32746 0.591876 1.2567 0 
1.02945 0 0 0.777042 1.49745 0 0 0.0879404 0 0.180471 
0.236801 0.132876 0.194925 0 0.816714 0 0 0.34964 0 0 
1.10557 0 0.696557 1.01878 0 0 1.08747 0 0.00107979 0 
0.138285 0 0 0.838601 1.04459 0 0.185815 0.908729 0.105806 0 
0 0.609619 0.0366805 0.207041 0.539815 0 0 0 0.310581 0.441453 
0.598818 0.401877 0.271609 0 0.558523 0.276319 0 0 0.17038 0.994741 
0 1.69468 1.10958 0.286014 0.830737 0.295231 0.998945 0 0 0 
0.443802 0.960575 0.839134 0 0 1.15046 0.898304 0.159274 0 0 

0 0.155057 0.431484 0 0.250149 0 0.0241366 1.00185 0 0 
0 0 0.873694 0.187241 0 0.0425149 0.0971662 0 0.287928 0 
0 0.762589 0 0 0.187576 0 0.169203 0.0573388 0 1.01271 
0 0 0 0 0.00122 0 0.696603 1.06604 0.171612 0 
0 0 0 0 0 0 0.784338 0.157741 0.557656 0 
0 1.12589 0 0.655685 0 0 1.08333 0.375138 0 0 
0 0 0 0.281246 0.263553 0.227647 0 1.27879 0.496725 0 
0 1.06588 0 0 1.49899 0 0 0 0.471313 1.30942 
0.889399 0.433219 0 0 0 0.196305 1.05387 0 0 0 
0 0.0172267 0.575016 0 0 0 0 0.809678 0.680641 0 

0 0 0.43112 0 0.262056 0.186459 0.0661828 0 0 0 
0.0147783 0 0.0249527 2.06001 0.101605 0.173755 0.589456 1.09604 0.853795 0 
0 0 0.193337 0.0863013 0 0 0 1.19316 0.147195 0 
0 0 0.0813228 0.401374 1.04293 0 0.958174 0 1.23394 0 
0 0 0 0 0 0 0.773672 0 0.159716 0 
1.59352 0.0478811 0 0 0.245142 0 0 3.3e-05 0 0.0195295 
0 0 0.163335 0.847171 0 0.260121 1.09195 0.727223 0.368468 0.0999434 
0 0 0.951837 0 0 0 0 0 0 1.01748 
0.600104 0.462664 0 0.297302 0 0 0.467448 0 0 0.204022 
0 0.10472 0 0 0.38432 0 0 0 0 0 

0 0 0 0 0.0194664 0 0.0814348 0 0 0.202822 
0 0 0 0.345519 0.0596572 0.0529876 0.985937 0.931872 0 0.883129 
0 0 0 0 0.0170441 0 0 0 0.1211 0 
0 0 0.151068 0 0 0 0 0 0.210557 0 
0 0 0 0.483963 0 0 0 0 0 0 
1.56705 0.92065 1.20587 0 0 0 0.193888 2.39172 0.770709 0.322564 
0.876516 0 0 0 1.83135 1.28123 0 1.3536 0 0 
0.697515 0.210469 0 0.126946 0.317431 0 0.289781 0 0 1.07024 
0 0 0.0443475 0 0 0 0 0.400299 0.181403 0.729624 
0 0 0 0 0.058329 0.245612 0 0.696087 0.0351308 0 

0 0 0 0.1445 0 0 0.0031425 0.156089 0 0 
0 0.933617 0 0 0.238789 0.0380426 0.254574 0 0 0 
0 1.10999 0 0 0.410904 0 0 0 0.217058 0 
1.05561 0 1.73881 0 0 0.165768 0 0.536834 0 0 
0 0 1.75506 0.97212 0 0.522417 0 0 0.286379 0.111058 
0 0 0 0 0 0.273262 1.0814 0 0.236231 1.79398 
0 0 0 0 0 1.30938 0 0 1.0212 0.796158 
0.789605 0.854424 0 0 1.3473 0 1.04022 0 0 0.338097 
0 0.201274 0 0 0.257979 0.0158424 1.13369 0 0 0 
0 0 0 0 0.776633 0.0483962 0.48327 1.07011 0 0.393919 

0 0 0 0 0.613861 0 0.441397 0 0 0 
0.0394143 0.354905 0 0 0 0 0 0 0 0 
0 0 0 0 0.839753 0 1.49798 0 0.116139 0 
0 0 0 0 0 0 0.248172 0 0.122294 0 
0 0.760402 0.924907 0.0791724 0.935551 0.0216717 0 0 0 0 
0.476659 0 0 0 0 0 0 0.0933793 0 0 
0.0520404 0 0 0 0 0.230376 0.725415 0 0.27312 0 
0.283878 0 0 0 0 0.558936 0.481041 0 0.300798 0 
1.05423 0 0 0 0 0.279864 0.00236424 0 0.70933 0 
0 0.928013 0.731727 0 0 0 0.189696 0 0.179759 0 

0 0 0 1.02312 0 0 0 0.71966 0.777045 0.727435 
0 0 0.267534 0 0 0.719888 0 0.0278819 0 0 
0 0 0 0 0.025767 0 0 0 0 0 
0 0.167674 0 0.410897 0 0 0 0 0.401069 0 
0.738555 0 0 0 1.03495 0 0 0.515781 0.0319293 0 
0 0 0 0 0 0.0722942 0 0.0557068 1.17578 0 
0 0 0.0822378 0.0409117 0 0.327172 0 0 0 0.827556 
0.832995 0 0 0 0.200897 0 0.683815 0 0 0 
0.264437 0 0 0 0.878974 0.00519013 0 0 0 0 
0 0 1.07202 0 0 0 0 0 0.822613 0 

