#################################### 
# Matrix Size= (50,50,50)
# Resol      = (10,10,10)
# VoxelSize  = (5,5,5)
# nbVal      = 1000
#################################### 
1.49801 1.56237 1.72832 0.972197 1.65163 1.09709 0 1.04822 1.33 0.642708 
0 0.932152 0.688821 2.38295 1.37046 0.665437 0.739634 1.76465 0.0225798 0.671649 
1.11063 1.97521 1.37755 0 0.0375371 0.279056 1.0571 3.13741 2.46697 0.0623437 
0.0145577 0.475772 0.0240474 0.966474 3.56727 0.119202 3.28524 3.72355 1.18065 2.89007 
0 0.458635 0 0 3.26812 1.56534 1.72889 0 1.5053 0.916459 
1.57825 0.585084 0.112496 0 1.88194 0.124979 0.587218 0 4.18282 0.327503 
0.251157 1.65083 2.53642 0.467259 1.99688 2.34469 0 1.45913 3.5773 0.524017 
0.898651 0 0.765837 0.229024 0 0.590162 0.918217 2.57255 1.13771 1.38624 
0.042241 0.21963 1.14319 0.12475 1.57294 3.24976 0 1.04866 1.99968 3.07793 
0.904471 2.69371 0.772135 1.41694 0.273847 0 1.06728 2.59686 0 0.896133 

0.0326317 2.4541 0.00624519 1.01577 0.935752 1.13423 0.744147 1.31276 0.0740778 0.958375 
0 0.102628 0 1.21151 3.41117 1.52783 0 1.07253 0.626158 1.93594 
0.267916 1.91018 2.72429 0.360718 0.183716 0.0257561 0.284906 1.55432 2.94184 2.92071 
0.0660143 0.727539 0.628132 1.31658 0.109554 0.203232 0.70666 1.79664 0 1.09636 
0.428951 2.1262 0.598178 0.108799 1.0873 0.369555 2.02274 1.20929 0.968624 2.77099 
1.01229 0.791907 0 0.170262 0 0.162054 1.0059 0.918568 0.564038 0.985281 
0.085015 0.683716 1.81613 1.32355 1.01612 0.964589 0.90541 0.798032 1.81678 1.03688 
0.413623 1.83993 1.19207 2.30429 0.374652 1.14256 1.02131 1.07354 1.64625 0.621481 
0.597088 0 1.10102 1.13159 0.596557 0.785133 1.51434 0.985112 2.54846 0.558493 
0 0.0628259 2.72199 0.00280153 0.312024 0.718256 0.0648948 1.2179 1.25068 0 

1.29776 0.22213 0.156939 1.3634 1.00297 2.16163 1.33195 2.47387 0.336053 0.500701 
0.999007 0.0786792 0.480289 0.0098442 0 0.87776 0 0 0.232585 0.215105 
0 0.529901 0.86103 2.25156 0.402104 1.01346 0.620421 0.097716 1.80896 1.11654 
1.48069 0.187161 0.867425 0.360955 0 0.222684 0.0924144 2.52825 1.68336 0 
0.917107 0 1.3012 0.143265 0 0.631673 0.942978 0.495283 0.897394 0.180964 
1.27089 0 1.555 0.271463 1.04939 0 2.56698 0.701828 0.75294 2.24969 
0.107037 0.436455 0.737701 0.187641 0.512049 0.138288 0.657372 2.20438 1.08194 1.69492 
0.62479 1.8902 0.242416 2.61328 1.09747 0.828016 1.95603 0.733029 0.568071 1.58421 
2.09938 3.1776 0.424393 0.0267497 0.864511 0.419803 1.2696 0.452702 0.791124 0 
0.00363071 1.77544 1.898 0.127517 0 1.01709 0 0.645331 1.20945 0 

1.37001 1.0602 0.140714 0 0.867317 0.877921 0 1.24102 1.15148 1.36041 
0.0138285 1.16579 2.70242 0.933945 0.403464 3.60371 0.0555393 0 0.704746 0.498405 
0.133595 0.736867 0 1.26921 1.96949 0.148762 1.10984 0.111169 0.215883 0.109091 
0.14788 0.155007 0.935789 0.0436757 2.22284 0.637873 0.247105 0.998945 0.115951 0.515978 
1.19945 0.214456 1.35522 0.333078 0.992333 2.31427 0.74774 0.173202 0.279647 2.11245 
0.156305 0.253208 1.8943 0.809411 0.335898 0 1.04082 1.50877 1.18157 1.2242 
1.55021 0.0837676 1.23261 1.66461 2.03009 1.54005 0.777087 0.417898 1.07562 1.15796 
0.0303735 0.0082153 2.16266 1.01878 2.03156 1.12829 1.59985 0.561235 1.40948 0 
1.88738 1.33244 1.44308 1.12196 0.852475 1.93428 1.24091 2.14963 0.551903 0 
2.03276 1.44031 1.08351 0 0.470776 1.35188 2.61473 0.238095 0.383388 0.771207 

1.0269 0 0 1.47713 0.181902 0 1.1875 0.330622 0.223823 0.837806 
0.101658 1.17896 0.227481 0 1.73002 0 2.11176 1.02342 2.99137 0.162504 
0.155057 0 2.15008 0 0.25885 1.03313 0.0897687 1.08587 1.65035 0.837102 
0 2.1505 1.41599 1.09024 0.437948 0.864583 0.6925 0.604038 0.624297 1.48477 
0.950185 0 0.667393 1.84127 0.933092 0.201867 0.960745 0.228269 0.462913 1.70384 
0.14285 0.685278 0.293223 1.25063 0.8256 1.66602 0 0 1.16566 0.243173 
1.09949 0.626382 0.137431 0.169203 1.13934 0.646709 0.603763 1.37691 0.273831 1.04608 
1.51642 1.17887 0.923718 1.03866 0.723936 1.25808 0.945797 2.06576 0.375138 0 
0.395016 0.469026 1.58168 0.810593 0.628915 1.09251 0.606309 0.324961 0.721029 0.796048 
1.54785 0.102142 2.63367 0.577102 1.12763 0.0967346 1.66677 1.28523 1.11777 0.135511 

1.09913 0.448226 0.429727 0.126415 0 0.765382 1.18144 1.67189 0.497366 0.930385 
0.250682 0.683839 0 0.0969241 2.63094 1.28169 2.46629 0 0.715475 0 
0.124459 0 0 0 1.66775 0 0.191833 0 0.979743 0 
0 2.01958 0 0.0220772 0 0.00907969 0.406971 1.72584 0 0.665018 
0 0.976954 0 0 0.43112 0 0.261321 0 0.132998 0.855812 
0.736143 0.951454 1.08338 0.0999434 1.32678 1.71944 1.22627 0.227505 0.332681 0.438178 
0.920178 0 0.532576 1.63167 0.970086 2.92437 0.547902 1.42682 0.3836 0 
0.156342 0.738367 0.00013 0.275282 0.0110929 1.28775 0.425505 1.57602 2.27828 0 
0.949473 1.56247 0.33589 0.0962772 0 0.109859 1.7751 0 0.103512 0.242264 
0 0.227016 0.267073 0.709433 1.53943 0.212706 0.361216 1.60986 1.09946 0 

0.160254 0.117907 0 0.630632 2.25114 0.694406 0 0.299195 2.20472 1.08776 
0.253005 0.769479 0.0840043 0.572491 0 1.87818 0.98224 0 0 0.575709 
0 0.298862 0.928544 0.37941 0 0 0.607218 1.40049 1.33 0.210557 
1.1834 0 0 1.24772 0.0596572 0.90044 0.0194664 0 0 0 
0 0.15106 1.14719 0 0.0529876 0.236935 0.15533 0 0 0 
0.207645 1.86916 1.10285 1.13743 0.607396 0 0.432181 1.44731 1.61591 1.199 
0.930121 0.523452 1.00146 0 0.255292 0.208115 1.47936 1.45036 1.57789 0.653733 
0.943109 0.132742 0.542027 0.780139 0.103442 0.729624 0.0098442 0.864206 0.932907 0.322564 
1.43034 2.63696 1.52076 0.724653 0 0.547206 0.597138 1.85697 0.593378 0.20506 
0.0231566 0 0.691865 0.483431 0 1.39518 0.11033 0.604758 0.431802 0.118714 

1.02662 0.725471 0 0.277445 0 0 0.851083 0 0.851317 1.98314 
0.849919 1.05941 0.24336 0 0.14476 0 0 0.197943 0 0 
0 0.881178 1.00958 0.106553 0 0.266117 0 0.580624 0.804027 0 
0.173508 0.112867 1.27547 1.25546 1.14935 0.383289 0 0.227766 0.692664 0.0680899 
0 0 0.776633 1.07011 0.0351308 1.13369 1.25678 0.338097 0.259217 0.540651 
1.9115 0.379395 0.410904 0 1.54822 0.0456232 0.737789 0 0.105336 0.904205 
1.99636 0.67048 0 0.467636 0.442764 0 1.0212 0 1.08036 0.596279 
0 0 1.96677 0 0.196085 0.781076 1.02243 1.25389 0.0739267 0.785959 
0.12441 0.193671 0.691122 0.530078 0.569663 0.243043 0.119329 0.560536 0.113619 0 
0 1.50065 0.995792 0.532323 2.22584 0 1.59755 0.80194 0.495588 0 

0 0.430976 0.296345 1.59675 0 0 0 0.511843 1.30854 1.44153 
0.137108 1.23553 0 0.537972 0 0 0 0.958581 0.633328 0.0286649 
0.0107365 0.0541591 0 0 0 0.661723 0.902935 0.208405 0 0.110287 
0 0.36305 0 0.0098442 0.488932 0.354905 1.33 0 0 0 
2.07386 2.15544 0 0.337453 0.197958 0.217985 0.806563 1.6308 0.346937 0.210897 
1.03165 0 0.935551 0.775495 0.00866852 0.0729571 0.100569 0 0.406438 0.841699 
1.10793 0 0 1.64243 0.205336 1.31012 0.00679854 0.0752709 0 0.0277402 
0 0.668781 0 1.40625 0.545703 1.43e-05 1.00533 0 0.359458 0.60251 
0 0.232503 0.743173 0.151501 1.40357 1.18253 0.71887 0.0543412 0.0682962 1.26071 
0 0 1.61294 0.584643 0.0302993 0 0 1.19863 0.279865 0 

0.11779 0 1.76047 2.26179 0.88436 0.200689 0.627501 0 0 0 
0.560675 0.289627 0.905078 0 0.265192 0 1.13887 0.185767 0.764901 0.224558 
0.713176 0.982429 0.312598 0 0.79674 0 1.52542 1.18104 0 1.0707 
0.0606117 0 0.595762 1.30248 0.53113 0 0 2.59724 0.404438 0 
0 0 0 0 0 0.844781 0.739522 0.803665 1.11618 0 
0 0.934015 0 0.70511 0.240318 0 0.0293969 0.200897 0.129556 1.13775 
0.0823838 0.937836 0 1.48873 0.00519013 0.624024 1.08646 0 0 0.102331 
0 0.838239 0.940356 0 0.361045 1.30533 0.459328 0.472622 0 0.235567 
0.738555 1.49176 0.64743 0.832995 0.124416 0 0 1.05079 0 0.398437 
0.245089 0 1.07202 0.526368 0.264437 0.0722942 0.828542 0.0531327 0 0.0539157 

