#################################### 
# Matrix Size= (50,50,50)
# Resol      = (10,10,10)
# VoxelSize  = (5,5,5)
# nbVal      = 1000
#################################### 
1.18088 1.42102 1.01792 0.729134 1.41831 0.905091 0 1.04544 1.7689 0.413074 
0 0.531947 0.474474 2.80094 1.26342 0.223872 0.351332 1.55364 0.000391098 0.221486 
1.2206 1.97039 0.677108 0 0.00140903 0.0778722 0.774518 2.66667 1.86694 0.00387118 
0.000211928 0.226359 0.000578279 0.668041 3.07971 0.014209 2.72245 3.25803 1.06102 2.2869 
0 0.210346 0 0 2.81647 1.00707 1.58626 0 0.532052 0.839896 
1.31001 0.13462 0.0126554 0 1.89839 0.0156198 0.337118 0 3.96946 0.107258 
0.0630798 0.904004 2.33061 0.14576 1.40935 1.99063 0 1.30498 3.42679 0.274594 
0.807573 0 0.568894 0.0356159 0 0.178806 0.707614 2.20727 1.09413 0.776059 
0.000892469 0.0482372 1.23023 0.0155625 1.32787 2.31726 0 0.460328 1.15307 3.16646 
0.818069 2.53573 0.322898 1.00455 0.0749921 0 0.694764 2.01663 0 0.722463 

0.00106483 1.25857 3.90024e-05 1.03177 0.875632 1.27285 0.180574 1.07836 0.00548753 0.514671 
0 0.0105325 0 0.557863 2.69827 1.04634 0 0.651885 0.392074 1.39908 
0.0574399 1.86304 1.96525 0.130117 0.0322353 0.000663376 0.0425029 0.837084 1.49796 2.69756 
0.00435789 0.529313 0.348075 0.912522 0.00794923 0.0392847 0.354424 1.34069 0 1.20201 
0.183999 1.91278 0.204955 0.0118372 0.561188 0.0736714 1.62539 0.782134 0.746621 2.09141 
1.02472 0.456809 0 0.0145095 0 0.0150296 1.01183 0.311898 0.163416 0.502737 
0.00722756 0.21575 1.2933 0.585014 0.32751 0.754745 0.819767 0.34028 1.60529 0.381631 
0.171084 1.75418 0.979627 1.65561 0.0680404 0.767027 0.530508 0.886761 1.35653 0.195668 
0.170274 0 0.701642 1.06095 0.35588 0.360662 1.20134 0.673504 1.57458 0.249259 
0 0.00394709 2.29985 7.84855e-06 0.0973591 0.359122 0.00421134 0.742129 0.786787 0 

1.19469 0.0144046 0.0246298 1.1022 0.304735 1.60135 1.1974 2.05106 0.0602507 0.250701 
0.952211 0.00619042 0.107743 9.69083e-05 0 0.523314 0 0 0.0540957 0.04627 
0 0.147207 0.284979 1.92374 0.161688 0.959957 0.230399 0.00954842 1.06702 0.902403 
1.12382 0.0277494 0.752426 0.0860363 0 0.0306132 0.00475187 2.27656 1.5543 0 
0.841085 0 1.14067 0.020525 0 0.323327 0.398053 0.19918 0.496312 0.0264302 
0.752216 0 1.01117 0.0559517 1.10122 0 2.69965 0.492562 0.566918 1.78495 
0.0114569 0.177434 0.544203 0.0303172 0.0747388 0.0191236 0.410037 1.47381 0.688616 0.994022 
0.390363 1.15914 0.0294059 1.57389 1.20444 0.252253 1.65531 0.485342 0.190273 1.38691 
1.71493 2.36854 0.180109 0.000715544 0.486828 0.0883241 0.810307 0.10436 0.275994 0 
1.31821e-05 1.46214 1.35929 0.0162607 0 0.706698 0 0.416452 1.02027 0 

1.28297 1.12403 0.0198004 0 0.275533 0.707367 0 0.66349 0.71464 1.12083 
0.000191227 0.908466 2.0458 0.872254 0.0836688 3.10881 0.00308462 0 0.400922 0.248407 
0.0178475 0.542972 0 1.11725 1.87528 0.02213 1.17477 0.0123585 0.0212714 0.0119008 
0.0218685 0.0240273 0.648046 0.00190756 1.58649 0.156489 0.0313372 0.99789 0.0134445 0.149916 
1.20469 0.0459915 0.807314 0.0729393 0.280996 1.53725 0.300472 0.0229046 0.0424056 1.57272 
0.0244312 0.0239233 1.28478 0.655146 0.112827 0 1.08332 1.26736 1.14488 0.535208 
1.03947 0.00354673 0.851629 0.886766 1.54377 1.32475 0.227333 0.0815595 0.51523 0.416309 
0.000922547 6.74912e-05 1.63045 1.03792 1.6763 0.675182 1.01452 0.206768 1.03948 0 
1.51039 1.00245 1.16734 0.373278 0.726714 0.978882 1.24842 1.40258 0.304597 0 
2.07425 1.24102 1.17399 0 0.103913 0.73903 1.79107 0.0296774 0.079804 0.59476 

1.05452 0 0 1.10641 0.0195337 0 0.934493 0.0565295 0.0500965 0.70192 
0.00371759 1.1998 0.026835 0 1.45293 0 1.55181 0.438892 2.06005 0.0264076 
0.0240427 0 1.84184 0 0.0670033 0.419199 0.00805843 1.17911 1.2189 0.70074 
0 1.48519 0.651316 1.18863 0.158175 0.302405 0.315224 0.22281 0.26301 1.24842 
0.308792 0 0.445413 1.42195 0.870661 0.0385666 0.717688 0.0521067 0.214289 1.38611 
0.00819484 0.469607 0.0535497 0.696853 0.345435 0.971772 0 0 1.35877 0.0591333 
0.849376 0.270112 0.0188873 0.0286295 1.00021 0.221793 0.264912 1.04911 0.0426572 1.09429 
1.18493 0.476005 0.432636 0.877011 0.243668 0.88864 0.312522 1.51634 0.140728 0 
0.156038 0.126497 0.923319 0.580677 0.395534 0.443693 0.367611 0.1056 0.519883 0.633693 
1.20166 0.0104329 2.94713 0.177758 0.407137 0.00935759 1.41975 1.24599 1.2494 0.0183632 

0.663704 0.200906 0.184666 0.0159807 0 0.58581 0.775225 1.14008 0.156875 0.410462 
0.0628414 0.467636 0 0.00478804 2.41358 1.26621 1.95105 0 0.511904 0 
0.0154899 0 0 0 1.1782 0 0.0367998 0 0.592533 0 
0 2.07142 0 0.000487405 0 8.24407e-05 0.112029 1.491 0 0.397997 
0 0.80425 0 0 0.185865 0 0.0358328 0 0.0176884 0.223351 
0.541906 0.60307 0.777967 0.00998869 0.606034 1.49521 0.861411 0.0517587 0.0568312 0.0996703 
0.846728 0 0.141895 1.41431 0.500447 2.30151 0.154313 1.19739 0.135997 0 
0.0244427 0.545186 1.69e-08 0.0369095 8.96659e-05 1.02221 0.0917823 1.43642 2.26561 0 
0.462836 1.2933 0.0587543 0.00926931 0 0.00593368 1.24861 0 0.0107147 0.0586916 
0 0.0393792 0.0524095 0.290929 1.15009 0.0452437 0.0976971 0.742853 0.778092 0 

0.0256814 0.0133799 0 0.397696 1.98895 0.4822 0 0.0895179 1.94783 1.18322 
0.0640117 0.181133 0.00705673 0.327746 0 0.887503 0.487446 0 0 0.331441 
0 0.050544 0.847658 0.120532 0 0 0.265967 0.857968 1.7689 0.0443342 
0.997969 0 0 1.1007 0.00355899 0.756364 0.000378941 0 0 0 
0 0.022819 0.960177 0 0.00280768 0.0285801 0.0241273 0 0 0 
0.0431165 1.28657 1.21627 0.789988 0.129511 0 0.10875 1.78266 0.896078 0.964433 
0.859277 0.235779 1.00292 0 0.0651742 0.0269546 1.03014 1.13845 1.24661 0.149582 
0.537445 0.0176204 0.293793 0.608617 0.0107003 0.532351 9.69083e-05 0.707177 0.862902 0.104047 
1.25993 2.17207 0.833745 0.328028 0 0.277732 0.0993738 1.36721 0.352097 0.0420494 
0.000536229 0 0.478678 0.233706 0 1.32556 0.0121727 0.162321 0.186453 0.0109786 

1.05395 0.526309 0 0.076976 0 0 0.724343 0 0.486846 1.29969 
0.722362 0.594173 0.0592243 0 0.0209556 0 0 0.0391816 0 0 
0 0.398102 1.00692 0.0113535 0 0.0553154 0 0.337124 0.369606 0 
0.0301051 0.012739 1.10703 0.908279 0.78867 0.0779002 0 0.0518774 0.479783 0.00463623 
0 0 0.603158 1.14513 0.00123418 1.28526 1.12895 0.114309 0.056764 0.163433 
1.55678 0.14394 0.168842 0 1.2715 0.00208148 0.544333 0 0.00558433 0.817587 
1.99428 0.311035 0 0.218683 0.105334 0 1.04284 0 0.464897 0.13537 
0 0 1.93418 0 0.0231764 0.354546 1.04026 1.03083 0.00546516 0.617731 
0.0154778 0.027615 0.251467 0.280983 0.1637 0.0490573 0.0142395 0.314201 0.011952 0 
0 1.44885 0.496243 0.183352 1.77661 0 0.952034 0.324948 0.203751 0 

0 0.18574 0.0737408 0.921132 0 0 0 0.163668 1.22931 1.18784 
0.0187986 1.19606 0 0.289414 0 0 0 0.483609 0.200583 0.000821675 
0.000115272 0.00293321 0 0 0 0.361101 0.598526 0.0289852 0 0.0121632 
0 0.0868547 0 9.69083e-05 0.152463 0.125957 1.7689 0 0 0 
1.48389 2.30369 0 0.07022 0.0391872 0.0475176 0.334754 1.85938 0.0666594 0.0444776 
1.06429 0 0.875255 0.601393 7.51432e-05 0.00532273 0.0101142 0 0.165191 0.672914 
0.95309 0 0 0.951025 0.0326209 1.04211 4.62201e-05 0.0056657 0 0.00076952 
0 0.228185 0 0.956337 0.110255 2.0449e-10 1.0107 0 0.064605 0.363018 
0 0.0345023 0.500336 0.0229525 1.37801 0.702855 0.516774 0.00295296 0.00241232 0.799651 
0 0 1.79979 0.234334 0.000918045 0 0 0.931168 0.0783243 0 

0.0138746 0 1.57714 1.87716 0.782092 0.0402762 0.393757 0 0 0 
0.314356 0.0838839 0.819167 0 0.0703269 0 0.686815 0.0176118 0.519007 0.0504263 
0.490051 0.615683 0.0977175 0 0.423839 0 1.16594 1.25266 0 0.699947 
0.00367378 0 0.354932 1.14269 0.256056 0 0 2.97263 0.142572 0 
0 0 0 0 0 0.713656 0.470707 0.345132 0.660229 0 
0 0.872385 0 0.295136 0.0577526 0 0.000864176 0.0403594 0.0115239 1.29447 
0.0067871 0.879536 0 1.14312 2.69374e-05 0.303244 1.07979 0 0 0.0104717 
0 0.235062 0.88427 0 0.130353 0.98355 0.14896 0.223372 0 0.0554916 
0.545463 1.20387 0.398584 0.69388 0.0154794 0 0 1.10417 0 0.158752 
0.0400868 0 1.14923 0.170516 0.0699267 0.00522645 0.686482 0.00282308 0 0.00290691 

