#################################### 
# Matrix Size= (50,50,50)
# Resol      = (10,10,10)
# VoxelSize  = (5,5,5)
# nbVal      = 1000
#################################### 
10 13 19 23 13 19 0 12 23 5 
0 8 6 19 17 11 27 14 2 8 
14 23 13 0 1 4 8 26 26 2 
1 5 2 7 43 2 42 36 12 24 
0 5 0 0 30 14 14 0 20 10 
16 8 2 0 16 2 7 0 44 6 
4 42 23 5 23 20 0 19 30 6 
10 0 11 4 0 8 5 21 8 45 
3 5 8 3 14 29 0 15 21 23 
8 24 10 15 3 0 23 25 0 21 

1 36 1 20 5 8 9 15 3 7 
0 1 0 15 32 14 0 13 7 25 
4 14 22 4 4 1 4 16 31 27 
2 5 7 16 3 4 6 14 0 11 
5 20 5 1 13 4 16 10 10 22 
14 11 0 3 0 2 7 11 7 9 
1 8 14 14 12 12 6 9 14 11 
5 12 13 23 5 9 11 11 14 7 
5 0 13 10 5 9 13 10 21 7 
0 1 29 1 3 7 1 11 16 0 

10 4 3 13 11 23 18 56 6 4 
9 1 6 1 0 11 0 0 3 3 
0 8 10 18 6 8 7 3 21 9 
13 4 6 5 0 3 2 28 13 0 
24 0 11 5 0 8 14 7 8 3 
12 0 15 4 7 0 24 9 6 25 
1 6 8 5 8 2 8 23 11 49 
4 21 4 22 7 11 23 9 11 13 
22 29 4 1 8 5 11 7 10 0 
1 25 22 2 0 11 0 5 14 0 

11 7 3 0 11 8 0 14 33 25 
1 9 26 6 6 30 1 0 8 4 
3 6 0 13 19 1 12 1 3 1 
2 2 8 1 22 8 3 8 2 10 
9 5 18 5 14 24 12 4 5 22 
2 6 18 8 4 0 9 13 10 13 
16 2 12 16 18 13 15 7 13 15 
1 1 16 8 21 11 15 7 15 0 
35 12 13 14 7 20 15 16 5 0 
28 13 11 0 6 24 29 4 5 15 

16 0 0 11 3 0 9 6 4 17 
3 8 3 0 15 0 19 13 27 2 
2 0 20 0 3 13 1 8 13 9 
0 19 16 8 6 11 7 7 6 11 
11 0 6 17 7 5 7 3 4 45 
5 6 4 17 12 14 0 0 10 3 
9 5 3 3 12 9 6 17 5 7 
11 11 8 12 9 14 11 19 4 0 
4 7 19 7 7 13 6 3 7 9 
13 1 29 8 13 1 18 13 15 2 

9 4 4 2 0 6 11 25 8 10 
3 7 0 2 20 12 22 0 7 0 
2 0 0 0 17 0 3 0 10 0 
0 17 0 1 0 1 4 15 0 8 
0 9 0 0 4 0 3 0 2 13 
6 12 9 1 12 15 12 3 5 6 
7 0 6 16 10 25 8 14 4 0 
2 5 1 6 2 15 6 16 20 0 
9 14 5 1 0 3 16 0 1 3 
0 5 9 9 12 3 3 18 9 0 

2 3 0 6 30 5 0 3 25 14 
3 12 1 6 0 15 12 0 0 6 
0 4 8 5 0 0 7 15 14 3 
12 0 0 11 1 8 1 0 0 0 
0 2 9 0 1 4 2 0 0 0 
3 18 7 11 10 0 5 16 15 11 
8 6 6 0 4 5 14 11 11 11 
8 2 3 6 1 6 1 7 7 3 
11 23 11 9 0 6 8 15 7 4 
1 0 8 5 0 12 3 7 5 3 

6 8 0 3 0 0 7 0 9 18 
6 13 4 0 3 0 0 4 0 0 
0 10 11 1 0 4 0 6 10 0 
3 1 10 11 11 6 0 4 8 1 
0 0 6 6 1 8 9 3 4 6 
18 3 6 0 15 1 5 0 2 9 
16 7 0 7 5 0 6 0 12 6 
0 0 18 0 3 8 11 13 1 5 
2 5 9 7 7 4 2 6 2 0 
0 13 24 10 22 0 30 6 9 0 

0 4 4 18 0 0 0 7 12 20 
2 13 0 6 0 0 0 10 8 1 
1 1 0 0 0 7 8 3 0 1 
0 4 0 1 5 3 11 0 0 0 
18 15 0 5 3 5 8 13 6 3 
6 0 6 8 1 1 1 0 4 12 
13 0 0 16 4 14 1 1 0 1 
0 8 0 17 6 1 6 0 5 5 
0 5 8 2 12 13 5 1 2 28 
0 0 18 7 1 0 0 13 5 0 

2 0 14 33 7 2 6 0 0 0 
7 4 6 0 3 0 16 2 20 5 
25 9 3 0 8 0 11 10 0 9 
1 0 5 12 7 0 0 24 6 0 
0 0 0 0 0 6 8 8 13 0 
0 8 0 6 3 0 1 3 2 9 
1 7 0 13 1 6 11 0 0 1 
0 35 8 0 2 10 5 4 0 4 
14 16 7 7 2 0 0 8 0 5 
7 0 8 10 6 1 7 1 0 12 

