#################################### 
# Matrix Size= (50,50,50)
# Resol      = (10,10,10)
# VoxelSize  = (5,5,5)
# nbVal      = 1000
#################################### 
0.545512 1.1863 1.26974 2.38272 0.384726 0.557377 2.69881 1.4168 0 1.60841 
1.99686 0.752181 0.824648 0 0 0.88729 0.509808 0.723054 1.25903 0.9648 
0.661919 0.990044 0 2.3012 0.196146 1.39007 2.4487 0.295032 1.87661 0.711148 
1.09146 1.05144 1.04341 0.578307 1.36384 0.00512232 0.400956 0.919024 0.365509 2.03398 
1.10297 0.635355 1.28485 1.49661 0.151776 0.752795 0.881531 2.40342 0.14101 0.866244 
1.01684 1.55413 0.388124 0.680559 0.846053 1.98795 1.11385 0.734598 0.402396 3.03768 
1.27585 0.328013 2.25839 2.20589 0.976145 0.811369 0.718628 1.68751 1.00449 0 
0.911467 1.05354 1.25599 1.03135 1.50176 0 0 2.8971 0.99663 3.63157 
0.532933 0.267145 4.29387 1.85669 0.245598 2.00506 2.89767 0 1.80939 1.79276 
2.15588 2.49002 1.96023 2.11913 1.67483 0.824032 2.69124 1.2008 1.24403 0.595495 

0 1.27342 0 0.367751 0.0962673 2.88069 1.35202 1.29121 1.7429 1.11494 
1.65375 0.82665 0.477854 1.06943 1.04357 0 0.161269 1.12723 1.90251 0.579317 
0 1.13296 1.94864 0.869613 1.10795 0 3.06061 2.13825 1.0841 2.78319 
0.166087 0.887707 2.20156 1.78274 1.88014 1.45984 0 0.0803863 0.23395 0.745472 
0.731148 2.73421 2.00762 2.05721 2.61198 0.951343 2.11971 1.58248 1.41206 0.801656 
0.318478 2.30109 0.00199394 1.71043 0.476612 0.908164 0.0864358 0.858018 0.510334 0.357868 
0.508353 2.85819 2.15098 0.360991 0.0324982 0.75516 0.170677 0 0.583084 0 
1.4258 2.21177 1.187 1.08443 1.19079 1.66657 1.68619 1.75977 1.33 0 
1.37517 2.99316 0.93119 0.131248 0.43403 1.75661 1.44351 1.20526 1.72667 3.34925 
4.54323 2.93354 0 1.67951 1.19205 0.987119 0 1.04302 2.25774 0 

0 0 1.12399 0.781528 1.12099 2.19195 0 0.63867 0.861129 0.644044 
0 0 0.421576 2.05199 0.0158954 0.179769 1.11606 1.11251 0.250063 0.85067 
2.41308 1.39714 1.76017 0.520918 0.354141 1.70273 0.217919 1.10239 2.11516 1.75897 
1.34389 0.473117 1.27849 0.793163 0.39481 1.47024 1.76357 0.0417662 0.370694 1.00951 
0 1.06026 1.22503 1.14529 3.72322 0.674463 1.93164 0.25738 0.723558 0 
2.54379 1.4353 0.540795 0.0877134 1.12301 1.08373 1.24078 0.134393 0 0.486528 
0.559869 1.18311 0.329444 1.14549 0.03517 1.73327 0.951166 0.585517 0.0749679 1.25229 
0.353498 0 2.91803 0.0519972 0 2.61371 1.7039 0.0505298 1.3481 0 
1.34238 0.891456 0.818725 1.09885 1.79072 0.745283 0.346276 0.0136573 0.215559 1.06532 
1.92343 1.58281 1.08868 1.37771 0.311432 1.81388 2.11582 0 1.89198 0.132032 

0 3.10504 0.244522 0.55468 0 0.753358 0.00853053 0.73651 0.32515 0.729096 
0.560292 1.48734 0.333773 2.07967 2.28554 0.0461948 1.07528 0.916305 1.55166 0.682598 
0.497561 1.17388 0.229839 0.31741 0.970736 2.7062 0.0119687 1.63437 1.76672 3.18341 
0.0342158 0.0567312 3.3e-05 0.0322018 0.276319 1.39238 0.0853773 0.66862 1.29466 0.117981 
0.42743 1.70442 1.83735 1.28976 0 2.60444 0.0173034 1.08411 0.585847 0.851226 
1.32432 0 0.260866 0.0107257 1.16639 0.256933 0.268485 3.66302 0.901561 0.0526703 
0.668547 0 0.318138 1.23719 1.04941 0.106061 3.80932 0.714861 0.583653 0.0323054 
0 0 0.293068 1.81935 0.92581 0.246933 1.5739 0.964698 0.68067 0.720482 
0 0.381507 1.70937 0.987837 0.790497 0 0.299526 1.04022 2.88391 0.176738 
0.272376 0 0 1.99791 0.143405 1.87756 1.92817 0 1.26253 0 

1.4311 0.509676 0.183601 1.94991 0 0.839676 0.0628196 0 0.256818 0 
3.25365 0.203399 1.57407 1.42512 0 1.76337 0.106371 1.32142 0.121865 0 
1.14239 1.85466 0.147488 0.100762 0.964203 0.132919 0 0 0 0 
1.24686 0 1.52043 0.48381 0.047627 0 1.00049 0 0.199395 0 
1.04415 1.03905 2.3521 0.414628 1.73822 0.180004 0.555936 1.40847 0 0.870727 
0 0.0921318 1.44055 0.105063 1.64163 0 1.89853 1.34291 0.502485 1.14367 
0.73076 0.0984814 1.43977 2.39057 0.537623 1.68384 0.763366 2.71804 0.114191 1.16417 
0.799286 1.97975 0.0438863 0.886127 0.303553 0.696771 2.07459 1.85425 0 1.3994 
0.594251 0.848634 0.798524 0 2.0878 2.39929 0.373618 0.629188 1.14007 1.16645 
0 0.621883 0 0 0.224178 0.067331 1.08614 0.113007 1.16529 0.605406 

0.209839 0.529933 0 0.0220254 0.262711 1.76298 0.380808 2.01249 0 0 
2.14368 0.392192 0.986684 0.312061 1.02012 0.798192 0 0.126949 0 0.32374 
0.243473 0.986688 0.324799 0.074211 1.11219 1.11145 0.0973131 0 1.9455 1.25498 
0 0 0 2.36535 0.694533 2.13695 0.296169 1.11506 0.00309661 0.53738 
2.13893 1.7502 2.9207 0.517468 0.0289067 1.71856 0 0.110095 0.256577 1.2282 
0 1.33 1.99576 0.89122 0.590516 0.0737318 0 0.7033 0 0.0738434 
1.35312 0 0.234014 0.218706 0.0672784 2.00999 1.0846 1.12381 0.864774 1.28635 
1.85078 1.53961 0 1.00282 0.1291 0.121115 1.1868 0 0.326662 0.00469052 
0 0.375823 0.110204 0 1.15587 2.30657 1.72052 0.750481 0 0 
1.64706 0.252037 0.92074 1.57475 1.26847 0.44171 1.10563 1.4645 0.597267 1.70773 

0.102401 0 0.195502 0.761384 1.07246 1.19435 1.03731 0.77186 0.422719 1.03563 
0.864082 0.953064 0.617112 0 0.532095 0.187789 0 0 1.97953 0.0648832 
0 0.488767 0.861732 0.635832 2.6592 0.18421 0 0 0.21199 1.13303 
0.770131 0.0393255 0.134019 1.72007 0 0.470522 1.32645 0.00399013 0.568602 1.63904 
0.093334 1.4472 0.69514 0.165018 0.898501 1.21842 0 1.58983 1.73355 1.94138 
1.26249 1.99224 1.09328 0.200664 0.587143 0.895729 1.13368 0.0357244 2.0603 0.17719 
0.265647 1.06579 0.372018 0 0.321384 0.0933205 1.02562 0.503223 0 0 
0.946097 0.447444 0 0.37047 1.35321 0.952395 1.88173 1.08317 0 0 
0 1.33077 1.0183 0 0 0.192652 0 0.169073 0.28173 0.156181 
0.0645156 2.90272 0 0.772191 0.0111481 0 0.20533 0.0330028 0.157806 0 

2.64373 0 0.134341 0 0 0.0370837 1.33 0 0.173712 0.159523 
1.69885 0 0.159976 0.568505 0.220885 0.885441 0.139661 0.612229 0.294651 1.11036 
1.83655 1.8916 0.655981 0 0 0 0.19033 0.752577 0.720271 0 
0.0235714 0 1.52549 0.820891 0.190598 0.302287 0.165768 0 0.160201 0.504935 
0.00994282 0.288274 1.94233 0.032116 1.21498 0 0.669939 0.46403 0.932563 0 
0.396493 0.21281 0 0.117051 0.108093 0.791973 0.412714 0.49905 0 0 
0.247688 1.24909 0.576413 0.247029 0.0565742 0.00868836 0.189476 1.1709 0 0.902776 
0 2.15518 0 1.21977 0.0472264 1.41855 0 0.213578 1.0814 0 
0 0.564129 0.634783 1.11906 0.901977 1.35469 0 0 0.292512 0.436343 
1.40924 0 0.814064 0.237776 0.225671 1.51051 0 0.352502 1.11227 1.05928 

0 0.216182 0.664639 0 0.929644 0.0686729 0 0.101745 0.221511 0 
0 0 0.607798 2.13656 1.76668 1.02111 0 0.315063 0.701965 0 
0 0.0304193 0.26049 0 0.611877 0.149259 0.717076 0.83057 0.121735 0.298078 
1.05503 0.884881 0.944115 0.466265 1.09813 0.761082 0.549883 0 0.935551 0.95145 
0 0 0.253355 0.946778 0.768 1.08892 1.47859 0 0.548474 0 
0.487447 1.73233 0.0860406 0.639522 0 0.545676 0.543148 0.508168 0.00498309 0 
0.222506 0.50498 0.312355 0.0947848 0.951971 0 0.981372 0 0.297205 0.114318 
0 0 1.59379 1.00544 2.42131 0.210967 1.06934 0.0908682 0.330615 0.625589 
0 0.0370039 0 0.129626 0 0.0883306 0.117559 0.141737 1.35084 0 
0 0 0.116142 0.436617 1.15764 1.19839 0.220848 0 1.00074 0 

1.82593 0 0 0.410161 0 0 0 0.882335 1.09921 0 
0 0 0.252595 0.193554 1.30898 0.10355 0 0 0.688494 0.575908 
0.793555 0.155968 0.0688066 0.349662 1.17281 1.33284 0 0 0 1.16092 
0 0 0.10778 0.745645 1.11144 1.67345 0.235434 0.0767462 0 0 
0 0.177906 0.922848 1.04094 0.471455 0.290821 0 1.33 0.243216 0 
0.534901 0.0938474 0.444167 2.30359 0.204551 0.0751942 0.254008 1.04734 0 0 
0.543726 0 0.309181 0.403198 0.193786 0.90535 0.253337 0.0311925 0 0 
0 0.553662 0 0 1.35756 0 0 2.22427 1.23317 0 
0.291009 0.902861 0 2.05506 0 0.470443 0.101147 1.49028 0 0 
0 1.88536 0 0.170832 0 0 0.307318 1.70261 0 0 

