#################################### 
# Matrix Size= (50,50,50)
# Resol      = (10,10,10)
# VoxelSize  = (5,5,5)
# nbVal      = 1000
#################################### 
0.144444 0.438932 0.00909935 0 0 0 0.976367 0.312321 0 0 
0.959189 0 0 0 0 0 0.175804 0 0.856702 0 
0 0 0 0.478638 0 0.00637573 1.65704 0 0 0 
0 0 0 0 0 0 0 0.122273 0.559444 0 
0 0 0 0 0 0 0 0.131348 0 0 
0 0 0 0 0 0 0.958649 0.141975 0 0 
0 0.245851 0.739527 0 0 0 0.00482639 0 0 0 
0 0.455821 0.743474 0 0.312005 0 0 0 0 0 
0 0.0942309 0 0.629818 0 0.704448 0 0 0 0 
0 0 0.0112895 0.318281 0.766938 0 0 0 0 0 

0 0.43564 0 0 0.0841588 0 0 0.209241 0 0 
0 0 0.167778 0 0 0 0 0 0 0 
0 0 0 0 0 0 0 0 0 0 
0 0 0 0 0 0 0 0 0 0 
0 0 0.28443 0 0 0.0711533 0 0 0 0 
0 0 0 0 0 0 0.0239285 0.795362 0 0.245074 
0 0 0.998154 0 0 0 0.193434 0 0 0 
0 0.239726 0.106474 0 0 0.49205 0.925443 0 0.30373 0 
0 0 0 0 0 0 0.0452769 0 0 0 
0 1.65128 0 0 0 0 0 0 0 0 

0 0 0.34242 0 0 0 0.00740103 0.332831 0 0 
0 0 0 0 0 0 0 0 0 0 
0 0.3438 0 0 0 0 0 0 0 0 
0 0 0 0 0 0 0 0 0 0 
0 0 0 0 0 0.169113 0.713781 0 0.956937 0 
0 0 0 0 0 0 0 0 0 0 
0 0.584925 0 0 0 0 0 0 0.0631562 0 
0 0 1.10187 0 0 0 0 0 0 0.34332 
0 0 0 0.0132111 0.636368 0 0 0 0.444357 0.916515 
0 0 0 1.1457 0 0 0 0 0.604491 0.0728967 

0 0 0 0 0 0 0 0 0 0 
0 0.930931 0.095006 0.866995 0 0 0 0 0.13757 0 
0 0.0573217 0 0 0 0.934542 0 0 0 0 
0.029451 0 0 0 0 0 0 0 0 0 
0 0.13614 1.03386 0 0 0 0 0 0 0 
0 0 0 0 0.859908 0 0 0 0 0 
0 0 0 0 0 0 0 0 0.932995 0 
0.597567 0.146044 0 0.268657 0 0 0 0.622644 0.952434 0 
0 0 0 0 0.369242 0 0 0.0381295 0.156709 0 
0 0 0 0.587631 0 0 0 0 0 0 

0 0 0 0 0 0 0 0 0 0 
0 0 0 0 0 0 0 0 0 0 
0 0 0 0 0 0 0 0 0.911043 0 
0 0 0 0.793418 0 0 0.103034 0.405663 0.0591617 0 
0 0 0 0 0 0 0.0099956 0 0 0 
0 0 0 0 0 0 0 0 0 0 
0 0 0 0 0 0 0.397109 0 0 0 
0 0.204443 0 0.796444 0 0 0 0 0.145582 0 
0 0 0 0 0 0 0 0 0 0 
0 0 0 0 0 0 0 0.106711 0 0.90658 

0 0 0 0 0 0 0 0.491946 0 0 
0 0 0 0 0 0 0 0 0 0 
0 0 0 0 0 0.117739 0.00364856 0 0 0 
0 0.47194 0.781444 0.388556 0 0.114969 0.247518 0 0 0 
0 0.658237 0 0 0 0.882122 0.372332 0.204366 0 0 
0 0 0 0 0 0 0 0 0 0 
0 0 0 0 0 0 0 0 0 0 
0 0 0 0 0 0 0.192125 0 0 0 
0 0 0.270892 0 0.654982 0 0 0 0 0 
0 0 0 0 0 0 0 0 0 0 

0 0 0 0 0 0 0 0 0 0 
0 0 0 0 0 0 0 0 0 0 
0 0 0 0 0 0 0 0 0.40484 0 
0 0 0 0 0 0 0 0 0 0 
0 0 0 0 0 0.730464 0 0 0 0 
0 0 0 0 0.18837 0.222173 0 0 0 0 
0 0 0.218167 0 0 0 0 0 0 0 
0 0 0.902601 0 0 0 0 0 0 0 
0 0 0 0 0 0 0 0.277456 0 0 
0 0 0 0 0 0 0 0 0 0 

0 0 0 0 0 0 0 0 0 0 
0 0 0 0 0 0 0 0 0 0 
0 0 0 0 0 0 0 0 0.209039 0 
0 0 0 0.155367 0 0 0.144842 0 0.357404 0 
0 0 0 0 0.644249 0 0 0 0.8072 0 
0 0 0 0 0.139015 0 0 0 0 0 
0 0 0 0 0 0 0 0 0 0 
0 0 0.465044 0 0 0 0 0 0.291906 0 
0 0 0 0 0 0 0 0 0 0 
0 0 0 0 0 0 0 0 0 0 

0 0 0 0 0 0 0 0 0 0 
0 0 0 0 0 0 0 0.278536 0 0.0538143 
0 0 0 0 0 0 0 0 0 0 
0 0 0 0 0 0 0 0 0 0.818017 
0 0 0.743108 0 0 0.0359757 0.825696 0 0 0 
0 0 0 0 0.0666437 0 0 0 0 0 
0 0 0 0 0.172897 0 0 0 0 0 
0 0 0 0 0 0 0 0 0 0 
0 0 0 0 0 0 0.0858207 0 0 0 
0 0 0 0 0 0 0 0 0 0 

0 0 0 0 0 0.841812 0 0 0.895403 0 
0 0 0 0 0 0 0 0 0 0.818101 
0 0 0 0 0.0731445 0 0 0 0 0 
0 0 0 0 0 0 0 0 0 0 
0 0 0.548106 0 0 0 0 0 0 0 
0 0 0.264553 0 0 0 0 0 0 0 
0 0 0 0 0.359491 0 0 0 0.292 0 
0 0 0.776347 0 0 0 0 0 0 0 
0 0 0 0 0 0 0 0 0 0 
0 0 0 0 0 0 0 0 0 0 

