#################################### 
# Matrix Size= (50,50,50)
# Resol      = (10,10,10)
# VoxelSize  = (5,5,5)
# nbVal      = 1000
#################################### 
0.0208641 0.178482 8.27982e-05 0 0 0 0.852991 0.0975443 0 0 
0.920044 0 0 0 0 0 0.030907 0 0.660628 0 
0 0 0 0.229095 0 4.065e-05 1.37666 0 0 0 
0 0 0 0 0 0 0 0.0149507 0.312977 0 
0 0 0 0 0 0 0 0.0172524 0 0 
0 0 0 0 0 0 0.919007 0.0201569 0 0 
0 0.0604429 0.5469 0 0 0 2.3294e-05 0 0 0 
0 0.207773 0.552754 0 0.0973472 0 0 0 0 0 
0 0.00887947 0 0.396671 0 0.294908 0 0 0 0 
0 0 0.000127452 0.0532821 0.588194 0 0 0 0 0 

0 0.189783 0 0 0.0070827 0 0 0.0437818 0 0 
0 0 0.0281493 0 0 0 0 0 0 0 
0 0 0 0 0 0 0 0 0 0 
0 0 0 0 0 0 0 0 0 0 
0 0 0.0809002 0 0 0.00506279 0 0 0 0 
0 0 0 0 0 0 0.000572572 0.6326 0 0.0600612 
0 0 0.859527 0 0 0 0.0374168 0 0 0 
0 0.0574687 0.0113367 0 0 0.242113 0.856445 0 0.0922521 0 
0 0 0 0 0 0 0.00205 0 0 0 
0 1.39026 0 0 0 0 0 0 0 0 

0 0 0.117251 0 0 0 5.47752e-05 0.110777 0 0 
0 0 0 0 0 0 0 0 0 0 
0 0.118198 0 0 0 0 0 0 0 0 
0 0 0 0 0 0 0 0 0 0 
0 0 0 0 0 0.0285992 0.509483 0 0.915729 0 
0 0 0 0 0 0 0 0 0 0 
0 0.273729 0 0 0 0 0 0 0.00398871 0 
0 0 0.613364 0 0 0 0 0 0 0.0972612 
0 0 0 0.000174534 0.404964 0 0 0 0.102436 0.84 
0 0 0 0.897788 0 0 0 0 0.365409 0.00531393 

0 0 0 0 0 0 0 0 0 0 
0 0.866633 0.00902615 0.751681 0 0 0 0 0.0189255 0 
0 0.00328578 0 0 0 0.873368 0 0 0 0 
0.00086736 0 0 0 0 0 0 0 0 0 
0 0.0185341 1.06887 0 0 0 0 0 0 0 
0 0 0 0 0.739442 0 0 0 0 0 
0 0 0 0 0 0 0 0 0.87048 0 
0.357086 0.0213288 0 0.0721764 0 0 0 0.387685 0.90713 0 
0 0 0 0 0.136339 0 0 0.00145386 0.0245576 0 
0 0 0 0.34531 0 0 0 0 0 0 

0 0 0 0 0 0 0 0 0 0 
0 0 0 0 0 0 0 0 0 0 
0 0 0 0 0 0 0 0 0.829999 0 
0 0 0 0.629512 0 0 0.010616 0.164563 0.0035001 0 
0 0 0 0 0 0 9.9912e-05 0 0 0 
0 0 0 0 0 0 0 0 0 0 
0 0 0 0 0 0 0.157696 0 0 0 
0 0.0417971 0 0.634322 0 0 0 0 0.021194 0 
0 0 0 0 0 0 0 0 0 0 
0 0 0 0 0 0 0 0.0113872 0 0.821888 

0 0 0 0 0 0 0 0.242011 0 0 
0 0 0 0 0 0 0 0 0 0 
0 0 0 0 0 0.0138625 1.3312e-05 0 0 0 
0 0.222727 0.610655 0.150976 0 0.0132179 0.035464 0 0 0 
0 0.433276 0 0 0 0.778139 0.138631 0.0417656 0 0 
0 0 0 0 0 0 0 0 0 0 
0 0 0 0 0 0 0 0 0 0 
0 0 0 0 0 0 0.036912 0 0 0 
0 0 0.0733825 0 0.429001 0 0 0 0 0 
0 0 0 0 0 0 0 0 0 0 

0 0 0 0 0 0 0 0 0 0 
0 0 0 0 0 0 0 0 0 0 
0 0 0 0 0 0 0 0 0.163895 0 
0 0 0 0 0 0 0 0 0 0 
0 0 0 0 0 0.533577 0 0 0 0 
0 0 0 0 0.0354833 0.049361 0 0 0 0 
0 0 0.047597 0 0 0 0 0 0 0 
0 0 0.814689 0 0 0 0 0 0 0 
0 0 0 0 0 0 0 0.0769818 0 0 
0 0 0 0 0 0 0 0 0 0 

0 0 0 0 0 0 0 0 0 0 
0 0 0 0 0 0 0 0 0 0 
0 0 0 0 0 0 0 0 0.0436974 0 
0 0 0 0.0241389 0 0 0.0209793 0 0.0651128 0 
0 0 0 0 0.274099 0 0 0 0.651572 0 
0 0 0 0 0.0193253 0 0 0 0 0 
0 0 0 0 0 0 0 0 0 0 
0 0 0.216266 0 0 0 0 0 0.0852094 0 
0 0 0 0 0 0 0 0 0 0 
0 0 0 0 0 0 0 0 0 0 

0 0 0 0 0 0 0 0 0 0 
0 0 0 0 0 0 0 0.0775825 0 0.00289598 
0 0 0 0 0 0 0 0 0 0 
0 0 0 0 0 0 0 0 0 0.334578 
0 0 0.55221 0 0 0.00129425 0.681774 0 0 0 
0 0 0 0 0.00444138 0 0 0 0 0 
0 0 0 0 0.0298934 0 0 0 0 0 
0 0 0 0 0 0 0 0 0 0 
0 0 0 0 0 0 0.0073652 0 0 0 
0 0 0 0 0 0 0 0 0 0 

0 0 0 0 0 0.708648 0 0 0.801747 0 
0 0 0 0 0 0 0 0 0 0.669289 
0 0 0 0 0.00535012 0 0 0 0 0 
0 0 0 0 0 0 0 0 0 0 
0 0 0.30042 0 0 0 0 0 0 0 
0 0 0.0699884 0 0 0 0 0 0 0 
0 0 0 0 0.129234 0 0 0 0.0852637 0 
0 0 0.602714 0 0 0 0 0 0 0 
0 0 0 0 0 0 0 0 0 0 
0 0 0 0 0 0 0 0 0 0 

