#################################### 
# Matrix Size= (50,50,50)
# Resol      = (10,10,10)
# VoxelSize  = (5,5,5)
# nbVal      = 1000
#################################### 
7.33137 7.44152 8.18798 7.48446 8.67328 8.52134 9.00601 7.02291 8.81104 6.59325 
9.50723 8.32123 8.31757 9.9422 10.1658 11.3203 10.0877 9.51579 9.02902 9.86993 
9.51741 8.78588 9.49901 11.7564 9.05888 9.25288 9.80587 7.00387 7.66204 9.58308 
8.45604 7.3948 8.5426 9.18607 8.82031 10.1247 10.3063 8.62345 8.56984 7.37522 
7.47973 11.2962 11.1072 9.04203 10.158 9.90858 8.08426 8.9989 9.40761 9.35556 
8.22153 9.12278 9.74629 7.61707 7.75499 9.77809 10.0313 7.65327 9.85731 7.75093 
8.73718 8.29364 10.0648 8.82137 10.0734 10.2962 8.59842 9.75775 10.5832 6.79617 
8.80842 9.31925 6.94686 9.39488 8.32596 10.2377 8.25951 6.16297 8.52412 7.04052 
8.96332 6.79947 8.33947 9.82713 7.38281 10.3864 9.08706 7.86931 9.46241 8.73697 
7.52587 9.23121 9.27866 6.98129 5.97553 8.07907 6.72948 6.16355 8.58724 8.05892 

3.24418 5.28402 4.42009 4.79758 3.52953 4.3825 4.09416 6.38225 4.99854 4.8419 
4.80108 3.79953 4.51928 6.30139 5.04302 4.33336 4.90683 5.32445 5.56687 5.50725 
5.42207 5.2288 6.39859 6.08256 3.78578 4.4853 4.67119 5.06107 5.45483 4.6687 
4.15682 5.66908 5.75922 5.32959 5.33656 4.69148 4.70954 4.87397 5.87034 5.04849 
4.35715 4.55769 6.27133 5.25876 5.65479 5.40242 5.37798 5.69065 5.91694 4.44575 
6.03716 6.11728 5.37067 5.44642 5.17511 5.10529 5.27993 4.69797 4.81491 4.86376 
4.7925 4.61703 5.76938 6.5677 4.94552 5.96578 5.44295 5.76883 6.04499 3.95838 
5.80366 5.34685 5.1468 4.97037 4.43446 7.83357 4.99904 4.63695 4.19502 4.98596 
5.04369 6.33505 4.88217 5.53443 4.65013 8.34139 5.87051 6.34433 5.03334 4.48081 
3.79957 4.6613 5.12873 3.24709 4.4373 5.01413 5.32958 4.66509 5.85076 4.7245 

2.14429 1.88523 2.61804 2.10635 2.33948 1.88848 3.02302 2.03447 1.63557 2.30322 
2.83654 2.31493 3.04824 1.83588 2.1905 3.03918 2.9239 2.27374 1.65899 2.82626 
1.56687 2.19314 2.86167 3.47538 2.46406 2.25926 3.19432 3.48632 2.59169 2.57424 
2.07849 2.12482 3.03229 3.14636 3.18588 3.44515 4.02148 1.96043 2.63278 3.03901 
2.44454 3.05724 2.70298 4.35928 3.29606 3.54197 2.67176 2.3333 4.26209 3.04069 
1.59388 3.70157 2.03955 2.54002 2.57033 2.95942 2.49823 2.52678 3.77192 1.99582 
1.93337 3.30833 1.81341 3.43478 2.4617 2.51299 2.81455 2.64823 3.2566 2.97523 
3.5714 2.51873 3.48865 3.89288 2.48758 2.59143 1.88669 2.83047 3.36008 3.68881 
2.61019 2.89056 3.01295 3.15298 2.57482 3.12986 2.80123 3.51527 2.66786 2.11099 
3.21907 2.5657 1.93266 2.64212 3.00693 2.89975 2.11474 2.75196 2.49142 2.71333 

1.11624 1.5335 0.844285 1.16981 1.38114 2.10193 1.75367 1.44758 1.00318 0.808165 
1.65425 1.58598 1.69391 1.34747 1.71243 1.82892 1.67386 1.90279 2.22873 0.502735 
1.59466 1.91011 2.20568 1.13663 1.43744 1.91649 1.78893 1.29653 1.52614 1.34736 
1.40674 0.865826 1.70121 1.69087 1.68417 1.06083 1.61453 1.87029 0.684746 0.783715 
1.87734 1.67497 2.16708 1.44775 2.51014 2.33034 1.54432 1.70607 1.41004 1.6273 
0.826186 1.14901 1.15819 0.911545 0.927301 1.59772 1.12025 1.24019 2.26502 1.53204 
1.45555 2.27005 1.33767 1.78202 1.07854 1.47198 0.975519 1.11771 0.671133 1.79177 
1.4607 1.10551 1.0317 1.46595 0.903509 1.64507 1.43679 1.58341 1.67241 1.8413 
1.48072 1.31422 1.41577 1.15568 1.14007 1.79144 0.419527 1.57514 2.12596 1.5757 
0.917708 0.787681 1.40454 0.839078 1.22594 1.55031 1.1083 0.957093 1.03503 1.16148 

0.415817 0.919745 0.278943 1.038 0.540807 0.544846 0.272 1.19424 0.639965 0.861691 
0.638525 0.533341 0.210822 0.652347 0.60786 0.662511 0.375843 0.731398 0.843071 0.684004 
0.396995 1.27389 1.18458 0.841261 0.817549 0.374765 1.8079 1.14166 0.00303022 0.64819 
0.262874 0.764104 1.0167 0.717625 0.649394 1.28996 0.368209 0.54735 0.539089 0.552627 
0.825964 0.699381 0.87631 0.926786 0.0126966 0.454715 1.154 0.89768 0.758024 0.654223 
0.147235 0.564949 0.875446 1.07718 0.765637 0.347561 0.311273 1.08255 1.21757 0.456933 
0.845847 1.16567 0.701049 0.662222 0.427487 1.25458 0.4925 1.15658 0.616311 0.855853 
0.398052 0.724337 1.08347 0.85293 0.485262 0.460998 0.981716 0.660339 0.42631 0.72334 
0.379713 0.81198 0.740899 0.595369 0.43037 0.987512 0.803109 0.934128 0.382912 0.420182 
0.170385 0.508803 0.191972 0.816 0.819878 0.355528 1.0331 0.377582 0.888068 0.728202 

0.477243 0.345384 0.582505 0.395812 0.761459 0.524583 0.421501 0.192018 0 0.272 
0.826721 0.23398 0.140193 0.345874 0.255726 0.102894 0.674565 0.26049 0.258547 0.686932 
0.21627 0.850455 0.657003 0.386057 0.408 0.152116 0.221002 0.272 0 0.280781 
0.503747 0.145923 0.358436 0.426734 0.249215 0.80854 0.540339 0.293733 0.129536 0.28356 
0.285069 0.428917 0.762205 0.354936 0.550254 0.537168 0.0267615 0.395204 0.408 0.183659 
0.663268 0.0539122 0.157686 0.165237 0.592861 0.541515 0.576084 0.403714 0.538117 0.183032 
0.140696 0.171587 0.136 0.544 0.136 0.303393 0 0.704234 0.158429 0.234073 
0.775961 0.179906 0.198883 0.414725 0.264382 0.0204756 0.136 0.136 0.287934 0.646664 
0.421266 0.303299 0.415914 0.449806 0.370543 0.236431 0.0743766 0.556687 0.266351 0.236862 
0.0129776 0.520211 0.147316 0.422572 0.725397 0.25369 0.283308 0.25345 0.41652 0.0435916 

0.412435 0.136 0.272 0.237588 0.150016 0 0.334719 0.273226 0.244139 0.126156 
0.193015 0.136 0.230991 0.140888 0.306301 0.288887 0.136 0.23014 0 0.0320612 
0.544168 0.104283 0.546538 0.329442 0.272 0.27655 0 0.408 0.254115 0.12518 
0.258489 0.536071 0 0.0322104 0.136 0.0901711 0.136 0.408 0.0868873 0.331157 
0.490273 0.142529 0 0.149793 0.24633 0.272 0.175781 0.154329 0.302784 0.00218948 
0.230289 0.121205 0.300324 0.136 0.136 0.440575 0.230604 0.308722 0.0486362 0.0873638 
0.119961 0.22469 0.27263 0.0152192 0 0.0199775 0.21151 0.136 0.290308 0.286948 
0 0.136 0 0.0233198 0.239366 0.155743 0.0604898 0.136 0 0.422668 
0.256418 0 0 0.36999 0.409125 0.27053 0.136 0.143954 0.272 0 
0.168451 0.291948 0.136 0.237532 0.0943071 0.101571 0 0.0136972 0.0303752 0.136 

0.136 0.136 0.136042 0.118587 0.128383 0.126156 0.0140885 0.107116 0 0.28434 
0.170181 0.136 0 0 0 0.284335 0.259665 0.00121863 0.123535 0.277387 
0.381573 0.271698 0 0.141566 0.0909604 0.136 0 0 0 0.267297 
0 0 0 0 0.033207 0.262201 0.136 0.136 0.14725 0.170573 
0.105965 0.11449 0.1345 0.0213056 0.234258 0.36721 0 0.136 0 0.497568 
0.11977 0.136 0 0.136 0.136 0.136 0.0058584 0.136 0 0 
0.372716 0 0 0 0.212303 0 0 0 0 0.0987095 
0.123569 0 0.136 0 0.136 0 0 0 0 0 
0.24459 0 0.248245 0 0.196879 0.250292 0.00488504 0.0804133 0.117485 0.0427538 
0.376266 0.136 0.310577 0 0.10194 0.000988128 0.136 0 0.157494 0.11051 

0 0.136 0.12564 0.125464 0.0185486 0.103706 0.482599 0.0176305 0.13298 0.248889 
0.258013 0 0 0 0 0.135355 0 0 0.12973 0.136 
0 0 0.136 0 0 0 0 0 0.0127254 0.136 
0 0 0.0506722 0 0 0.136 0 0.150274 0 0.097313 
0.102254 0 0 0.104677 0 0 0 0.395496 0 0.142839 
0.499932 0.136 0 0.202381 0 0 0 0.114502 0.122303 0.044243 
0.127917 0 0.136 0.114253 0.0397199 0.272 0.130142 0.136684 0.00723406 0 
0.115989 0.136 0 0 0 0 0.0349216 0.131325 0 0 
0.13173 0 0 0 0 0.0958507 0 0.150832 0.127308 0.136 
0.217225 0 0.186701 0 0.392076 0.355885 0 0.310347 0 0 

0.345759 0.34906 0 0 0.200897 0.0803153 0.111075 0.121391 0.213014 0.241281 
0.136 0 0 0 0 0.1096 0 0 0 0.0470075 
0.0344479 0.136 0.0447071 0 0 0 0.136 0.174872 0 0.0128144 
0 0 0.0754954 0 0 0 0 0 0.0821378 0.121618 
0 0 0.108535 0 0 0 0 0 0 0.227902 
0 0 0 0 0 0 0 0 0 0 
0 0 0 0 0 0 0 0 0.246865 0.0179008 
0.136 0.136 0 0 0 0.134845 0 0 0 0.272 
0 0 0 0 0 0 0.0922645 0.136 0 0 
0.0927086 0 0.11266 0 0.170322 0.0855227 0.113629 0 0 0.231455 

