#################################### 
# Matrix Size= (50,50,50)
# Resol      = (10,10,10)
# VoxelSize  = (5,5,5)
# nbVal      = 1000
#################################### 
0 0 0.308296 0.120022 0 0 1.14949 0.129056 0 0 
0 0 0.322614 0 0 0 0.0354392 0 0.00329657 0 
0.0339938 0 0 0.374399 0 4.40485e-05 1.03382 4.00805e-05 0 0 
0 0 0.669047 0 0 0 0 0 0 0 
0 0 0 0 0 0.0218283 0 0.0156198 0 0 
0.00827264 0 0.0273562 0 0 0.00655 1.24066 0 0 0.00192866 
1.09438 0 0 0.120166 0 0 0 0 0 0 
0 0 0.763572 0 0.11162 0 0 0 0 0 
0 0.00965285 0 0.554157 0 0.0418997 0 0 0 0.000993236 
0 0.848827 0.000136352 0.0155625 0.779722 0 0 0 0 0 

0 0 0 0 0.00926739 0 0 0 0 0 
0 0 0 0 0 0 0 0 0 0 
0 0.460915 0.217827 0 0 0 1.1241 0 0 0 
0 0 0 0 0 0 0 0 0 0 
0 0 0 0 0 0.357516 0 0 0 0 
0 0 0 0 0 0 0 0 0 0.0862446 
0.130117 0 1.16099 0 0 0.0193046 0 0 0 0 
0 0.0724004 0 0 0 0.338927 0.181226 0 1.7689 0 
0 0 0 0 0 0 0.00227575 0 0 0 
0 1.89866 0 0 1.03308 0 0 0.247283 0 0 

0 0 0.167194 0 0 0 0 0.4079 0.741542 0 
0 0 0.177727 0 0 0 1.15618 0 0.000145288 0 
0.505301 6.241e-11 0 0 0 0 0 0 0 0.023956 
0 0 0 0 0 0 0 0 0 0 
0 0 0 0 0 0 0 0 0 0 
0 0 0 0 0 0 0 7.54645e-05 0 0 
0 0.376815 0 0 0 0.000392009 0 0 0.00562019 0 
0 0 0.501352 0 0 0 0.889082 0 0 0 
0 0 0 0 0 0 0 0 0.042332 1.1349 
0 0 0 1.14919 0 0 0 0 0.0151637 0.00628568 

0 0 0 0 0 0.215154 0 0 0 0 
0 1.17408 0.0130511 1.00607 0 0 0 0 0 0 
0 0.168752 0 0 0 1.30484 0 0 0 0 
0.00117072 0 0 0 0.076352 0 0 0 0.0763676 0 
0 0.0204339 0.0177381 0 0 0 0 0 0 0 
0 0 0 0 1.01094 0 0 0 0 0 
0 0 0 0 0 0 0.00172711 0 0 0 
0 0 0 0.0974351 0 0.0428661 0 0.0299285 0 0 
0 0 0 0 0 0 0 0.032262 0.0395108 0 
0 0 0 0.906989 0 0 0 0 0.223336 0 

0 0 0 0.140728 0 0 0 0 0 0 
0 0 1.2295 0.533868 0 0 0 0 0 0 
0 0 0 0.0101529 0 0 0 0 0 0 
0 0 0 0 0 0 0 0 0 0 
1.09025 0 1.11064 0 0 0 0 0 0 0 
0 0 0 0 0 0 0 0 0 0 
0 0 0 0 0 0 0.206775 0 0 0 
0.47222 0 0 0 0 0 0 0 0 0 
0 0 0 0 0 0.685809 0 0.000581907 0 1.08922 
0 0 0 0 0 0 0 0.0127706 0 0.0173228 

0 0 0 0 0 0.0141915 0 0.345982 0 0 
0 0 0 0 0 0 0 0 0 0 
0 0 0 0 0 1.17705 0.00744792 0 0 0 
0 0 0 0 0.0883883 0 0 0.160239 0 0 
0 0 0 0 0 0 0 0 0 0 
0 0 0 0 0 0 0 0 0 0 
0 0 0 0 0 0 0 0 0 0 
0 0 0 0 0 0 0.310587 0 0.0280789 0 
0 0 0 0 0.598568 0 0 0.0155802 0 0 
0.760728 0.0385183 0 0 0 0 0.000972575 0.103513 0.21412 0.855593 

0 0 0 0 0 0 0 0 0 0 
0 0 0 0 0 0 0 0 0 0 
0 0 0 0 0 0 0 0 0 0 
0 0 0 0 0 0 0.0475914 1.59211e-05 0.198021 1.22882 
0 0 0 0 0 0 0 0 1.29223 0 
0.486527 0 0 0 0.0443342 0 0.0314463 0 0 0 
0 0 0 0 0 0 0 0 0 0 
0 0 0 0 0.650991 0 0 0 0 0 
0 0 0 0 0 0 0 0 0 0 
0.000120298 1.7689 0 0.0735418 0 0 0 0 0 0 

1.11431 0 0 0 0 0 0 0 0 0 
0.852914 0 0 0 0 0 0 0 0.0868192 0 
0 0 0 0 0 0 0 0 0.289604 0 
0 0 0.0405111 0 0 0 0.0274792 0 0.0256644 0 
0 0 0 0 0 0 0 0 0.869674 0 
0 0 0 0 0 0 0 0 0 0 
0 0.0518774 0 0 0 0 0 0 0 0 
0 0 0 0 0 0.316291 0 0 1.16943 0 
0 0 0 0.0665532 0 0.106863 0 0 0 0 
0 0 0 0 0 0 0 0 0 0 

0 0 0 0 0 0 0 0 0 0 
0 0 0 0 0 0 0 0.0992645 0 0 
0 0 0 0 0 0 0 0 0 0 
0 0 0 0 0 0 0.15559 0 0.875255 0.452685 
0 0 0 0 0.33713 0 0 0 0.300824 0 
0 0 0 0 0 0 0 0 0 0 
0 0 0 0 0 0 0 0 0 0 
0 0 0 0.0149559 0 0 0 0 0.109306 0 
0 0 0 0 0 0 0 0.0200894 0 0 
0 0 0 0 0 0 0 0 0 0 

0 0 0 0 0 0 0 0 0.0198387 0 
0 0 0 0 0 0 0 0 0 0.00323171 
0 0 0 0 0 0 0 0 0 0 
0 0 0 0 0 0 0 0 0 0 
0 0 0 0 0 0 0 0 0 0 
0 0 0 0 0 0 0 0 0 0 
0 0 0 0 0 0 0 0 0 0 
0 0 0 0 0 0 0 1.07111 0 0 
0.0638033 0 0 1.45855 0 0 0.0102307 0.485924 0 0 
0 0.125472 0 0 0 0 0 0 0 0 

