#################################### 
# Matrix Size= (50,50,50)
# Resol      = (10,10,10)
# VoxelSize  = (5,5,5)
# nbVal      = 1000
#################################### 
0 0 0.555244 1.17598 0.384726 0 1.66302 0.359244 0 0.774892 
0 0 0.567992 0 0 0 0.188253 0 0.0574158 0 
0.184374 0 0 0.791682 0 0.00663691 1.01677 0.00633091 0.700034 0 
0.152484 0 0.817953 0 0.143686 0 0 0 0 0 
0 0.588572 0 0.433753 0 0.147744 0 0.939899 0 0 
0.0909541 0.84826 0.388124 0 0.696156 0.0809321 1.11385 0 0 0.983096 
1.27585 0 0 0.34665 0 0 0 0.475261 0 0 
0.364153 0 1.20565 0 0.334096 0 0 0.230351 0 0 
0 0.0982489 0 0.744417 0 0.204694 0 0 0 0.0315156 
0 0.921318 0.011677 0.12475 0.883018 0 0 0 0 0 

0 0 0 0 0.0962673 0 0 1.06339 0 0 
0 0.263713 0 0 0.658268 0 0 0 1.12538 0 
0 0.678907 0.466719 0 0 0 1.06023 0.00128593 0 0 
0.166087 0.019649 0 0.149533 1.02446 0.0377739 0 0.00113148 0 0.745472 
0 0 0.677932 0.893646 0 0.850555 0 0.0132809 0 0 
0 0.0334428 0 1.10727 0 0 0.0515228 0 0 0.293674 
0.360718 0 1.07749 0 0 0.62647 0 0 0 0 
0.144901 0.405766 0.818823 0 0 0.811153 0.600308 0.940725 1.33 0 
0 0.101053 0 0 0 0.474759 0.285457 0 0.147951 0 
0.0127701 1.93134 0 0 1.01641 0 0 0.497275 0 0 

0 0 0.408893 0 0.302332 0.0893285 0 0.63867 0.861129 0 
0 0 0.421576 0 0 0 1.07526 0 0.0120536 0 
0.710845 7.9e-06 0 0.177923 0 0 0 1.10239 0 0.154777 
0 0 0.18552 0 0 0 0 0 0 0 
0 0 0 0 0 0.447045 0 0 0 0 
0 0 0.456536 0 0 0 0 0.00868703 0 0 
0 0.613852 0 0.819126 0 0.033064 0.808392 0.430565 0.0749679 0 
0 0 0.986342 0 0 0 1.29892 0 0.789099 0 
0 0 0.146276 0 0 0.66789 0 0 0.205747 1.06532 
1.10448 0 0 1.072 0 0 0 0 0.123141 0.0792823 

0 0.0553293 0 0 0 0.463847 0.00853053 0.111334 0.0695641 0.112163 
0 1.08355 0.114241 1.00303 0.700895 0 0 0.916305 0 0 
0 0.655636 0 0 0 1.43711 0 0 0 0 
0.0342158 0.0567312 0 0.0322018 0.276319 0 0 0 0.276347 0 
0 0.142947 0.904916 0 0 0.964896 0.0173034 0 0 0.0490921 
0 0 0.0455772 0 1.00545 0 0 0.807607 0 0 
0 0 0.22928 0 0.40419 0 0.922573 0.216532 0 0 
0 0 0 0.312146 0.92581 0.207041 0 0.23198 0 0 
0 0 0.815004 0 0.790497 0 0 0.250725 0.277802 0 
0 0 0 0.95236 0 0 0 0 0.472584 0 

0 0 0 0.375138 0 0 0 0 0 0 
0 0 1.10883 0.730663 0 0 0 0 0 0 
0 0 0 0.100762 0.262595 0 0 0 0 0 
0 0 0 0 0 0 0 0 0 0 
1.04415 0 1.05387 0 0 0 0 0 0 0 
0 0.0367093 1.2084 0 0 0 0 0.0351862 0.305884 0.0204018 
0 0 0 2.21508 0.100303 0.498099 0.568023 0 0.114191 0.104832 
0.687183 0 0 0.819747 0.0335613 0.572487 0.264301 0 0 1.01195 
0 0 0 0 0 0.828136 0 0.0241228 0.19866 1.04366 
0 0 0 0 0 0 0 0.113007 0.0706716 0.131616 

0 0 0 0.0220254 0 0.119128 0 0.588202 0 0 
0 0 0 0 0 0 0 0 0 0 
0 0 0 0 0 1.08492 0.0863013 0 0 0.44593 
0 0 0 0 0.634005 1.17343 0 0.400299 0 0 
0 0 0 0.139674 0 0 0 0 0 0 
0 0 0 0.189737 0.590516 0 0 0.102593 0 0.0738434 
0 0 0 0 0 0 0 0 0 0 
0 0 0 0 0.1291 0 0.737798 0 0.167567 0 
0 0 0 0 0.773672 0 0 0.124821 0 0 
0.872197 0.252037 0.885985 0 0 0 0.0311861 1.22906 0.510407 1.59557 

0 0 0 0 0 0 0 0 0 0 
0 0 0 0 0 0 0 0 0 0 
0 0 0 0 0 0 0 0 0 0 
0 0 0 1.03813 0 0 0.234532 0.00399013 0.444996 1.10852 
0 0 0 0 0 0 0 0.476692 1.58448 0 
0.697515 1.1091 0 0 0.210557 0 0.177331 0 0.292438 0.0467281 
0 0 0 0 0 0 0 0.138519 0 0 
0 0 0 0.113929 0.80684 0 0 1.07776 0 0 
0 0.94263 0 0 0 0 0 0 0.0469501 0.156181 
0.010968 1.33 0 0.271186 0 0 0 0 0 0 

1.05561 0 0 0 0 0 0 0 0 0 
0.923533 0 0 0 0 0 0 0 0.294651 0 
0 0 0 0 0 0 0 0 0.720271 0 
0 0 0.201274 0 0 0 0.165768 0 0.160201 0 
0 0 0 0 0.214305 0 0 0 0.932563 0 
0.1947 0 0 0 0 0 0.412714 0 0 0 
0 0.227766 0 0 0 0 0 0 0 0 
0 0 0 1.08892 0 1.41855 0 0 1.0814 0 
0 0 0 0.257979 0 0.326899 0 0 0 0 
0 0 0 0 0 0 0 0 0 0 

0 0 0 0 0.883287 0.0686729 0 0 0.0109278 0 
0 0 0 0.980699 0.502096 0.684616 0 0.315063 0 0 
0 0 0 0 0.356494 0 0 0 0 0 
0 0 0 0 0 0 0.394449 0 0.935551 0.95145 
0 0 0 0.252654 0.580629 0.0384762 1.47859 0 0.548474 0 
0 0 0 0 0 0 0.543148 0 0 0 
0 0 0.148791 0 0 0 0 0 0 0 
0 0 0 0.122294 0.830875 0 0 0 0.330615 0 
0 0 0 0 0 0 0 0.141737 0 0 
0 0 0 0 0 0 0 0 0 0 

0.343746 0 0 0 0 0 0 0 0.14085 0 
0 0 0 0 0 0 0 0 0 0.0568481 
0 0 0 0.00859338 0 0 0 0 0 0 
0 0 0 0 0 0 0.235434 0 0 0 
0 0 0 0 0 0.189253 0 0 0 0 
0 0 0 0 0.0724152 0 0 0 0 0 
0 0 0 0 0 0 0 0 0 0 
0 0 0 0 0 0 0 1.03495 0 0 
0.252593 0 0 1.20771 0 0.470443 0.101147 0.697083 0 0 
0 0.35422 0 0 0 0 0 0 0 0 

