#################################### 
# Matrix Size= (50,50,50)
# Resol      = (10,10,10)
# VoxelSize  = (5,5,5)
# nbVal      = 1000
#################################### 
0 0 0.555244 0.346441 0 0 1.07214 0.359244 0 0 
0 0 0.567992 0 0 0 0.188253 0 0.0574158 0 
0.184374 0 0 0.791682 0 0.00663691 1.01677 0.00633091 0 0 
0 0 0.817953 0 0 0 0 0 0 0 
0 0 0 0 0 0.147744 0 0.124979 0 0 
0.0909541 0 0.165397 0 0 0.0809321 1.11385 0 0 0.0439165 
1.2677 0 0 0.34665 0 0 0 0 0 0 
0 0 0.873826 0 0.334096 0 0 0 0 0 
0 0.0982489 0 0.744417 0 0.204694 0 0 0 0.0315156 
0 0.921318 0.011677 0.12475 0.883018 0 0 0 0 0 

0 0 0 0 0.0962673 0 0 0 0 0 
0 0 0 0 0 0 0 0 0 0 
0 0.678907 0.466719 0 0 0 1.06023 0 0 0 
0 0 0 0 0 0 0 0 0 0 
0 0 0 0 0 0.667859 0 0 0 0 
0 0 0 0 0 0 0 0 0 0.293674 
0.360718 0 1.07749 0 0 0.138941 0 0 0 0 
0 0.269073 0 0 0 0.582175 0.600308 0 1.33 0 
0 0 0 0 0 0 0.0477048 0 0 0 
0 1.93134 0 0 1.01641 0 0 0.497275 0 0 

0 0 0.408893 0 0 0 0 0.63867 0.861129 0 
0 0 0.421576 0 0 0 1.07526 0 0.0120536 0 
0.710845 7.9e-06 0 0 0 0 0 0 0 0.154777 
0 0 0 0 0 0 0 0 0 0 
0 0 0 0 0 0 0 0 0 0 
0 0 0 0 0 0 0 0.00868703 0 0 
0 0.613852 0 0 0 0.0197992 0 0 0.0749679 0 
0 0 0.986342 0 0 0 1.29892 0 0 0 
0 0 0 0 0 0 0 0 0.205747 1.06532 
0 0 0 1.072 0 0 0 0 0.123141 0.0792823 

0 0 0 0 0 0.463847 0 0 0 0 
0 1.08355 0.114241 1.00303 0 0 0 0 0 0 
0 0.410794 0 0 0 1.43711 0 0 0 0 
0.0342158 0 0 0 0.276319 0 0 0 0.276347 0 
0 0.142947 0.133184 0 0 0 0 0 0 0 
0 0 0 0 1.00545 0 0 0 0 0 
0 0 0 0 0 0 0.0415585 0 0 0 
0 0 0 0.312146 0 0.207041 0 0.23198 0 0 
0 0 0 0 0 0 0 0.250725 0.277802 0 
0 0 0 0.95236 0 0 0 0 0.472584 0 

0 0 0 0.375138 0 0 0 0 0 0 
0 0 1.10883 0.730663 0 0 0 0 0 0 
0 0 0 0.100762 0 0 0 0 0 0 
0 0 0 0 0 0 0 0 0 0 
1.04415 0 1.05387 0 0 0 0 0 0 0 
0 0 0 0 0 0 0 0 0 0 
0 0 0 0 0 0 0.454725 0 0 0 
0.687183 0 0 0 0 0 0 0 0 0 
0 0 0 0 0 0.828136 0 0.0241228 0 1.04366 
0 0 0 0 0 0 0 0.113007 0 0.131616 

0 0 0 0 0 0.119128 0 0.588202 0 0 
0 0 0 0 0 0 0 0 0 0 
0 0 0 0 0 1.08492 0.0863013 0 0 0 
0 0 0 0 0.297302 0 0 0.400299 0 0 
0 0 0 0 0 0 0 0 0 0 
0 0 0 0 0 0 0 0 0 0 
0 0 0 0 0 0 0 0 0 0 
0 0 0 0 0 0 0.737798 0 0.167567 0 
0 0 0 0 0.773672 0 0 0.124821 0 0 
0.872197 0.196261 0 0 0 0 0.0311861 0.321735 0.462731 0.924983 

0 0 0 0 0 0 0 0 0 0 
0 0 0 0 0 0 0 0 0 0 
0 0 0 0 0 0 0 0 0 0 
0 0 0 0 0 0 0.234532 0.00399013 0.444996 1.10852 
0 0 0 0 0 0 0 0 1.58448 0 
0.697515 0 0 0 0.210557 0 0.177331 0 0 0 
0 0 0 0 0 0 0 0 0 0 
0 0 0 0 0.80684 0 0 0 0 0 
0 0 0 0 0 0 0 0 0 0 
0.010968 1.33 0 0.271186 0 0 0 0 0 0 

1.05561 0 0 0 0 0 0 0 0 0 
0.923533 0 0 0 0 0 0 0 0.294651 0 
0 0 0 0 0 0 0 0 0.720271 0 
0 0 0.201274 0 0 0 0.165768 0 0.160201 0 
0 0 0 0 0 0 0 0 0.932563 0 
0 0 0 0 0 0 0 0 0 0 
0 0.227766 0 0 0 0 0 0 0 0 
0 0 0 0 0 0.562398 0 0 1.0814 0 
0 0 0 0.257979 0 0.326899 0 0 0 0 
0 0 0 0 0 0 0 0 0 0 

0 0 0 0 0 0 0 0 0 0 
0 0 0 0 0 0 0 0.315063 0 0 
0 0 0 0 0 0 0 0 0 0 
0 0 0 0 0 0 0.394449 0 0.935551 0.95145 
0 0 0 0 0.580629 0 0 0 0.548474 0 
0 0 0 0 0 0 0 0 0 0 
0 0 0 0 0 0 0 0 0 0 
0 0 0 0.122294 0 0 0 0 0.330615 0 
0 0 0 0 0 0 0 0.141737 0 0 
0 0 0 0 0 0 0 0 0 0 

0 0 0 0 0 0 0 0 0.14085 0 
0 0 0 0 0 0 0 0 0 0.0568481 
0 0 0 0 0 0 0 0 0 0 
0 0 0 0 0 0 0 0 0 0 
0 0 0 0 0 0 0 0 0 0 
0 0 0 0 0 0 0 0 0 0 
0 0 0 0 0 0 0 0 0 0 
0 0 0 0 0 0 0 1.03495 0 0 
0.252593 0 0 1.20771 0 0 0.101147 0.697083 0 0 
0 0.35422 0 0 0 0 0 0 0 0 

