#################################### 
# Matrix Size= (50,50,50)
# Resol      = (10,10,10)
# VoxelSize  = (5,5,5)
# nbVal      = 1000
#################################### 
0 1.1863 0.556284 2.22264 0.384726 0 1.97919 0.532391 0 0.774892 
1.38725 0.357746 0.824648 0 0 0.88729 0.188253 0.723054 0.0574158 0.557518 
0.184374 0.990044 0 1.83297 0.196146 0.0373232 1.29131 0.00633091 0.700034 0 
1.09146 0.759584 0.817953 0.578307 1.14138 0 0 0 0.259186 0 
0.0270466 0.588572 1.06284 1.27117 0 0.147744 0.805108 1.80429 0.14101 0 
0.0909541 0.84826 0.388124 0 0.696156 0.0809321 1.11385 0.146228 0.158102 2.23402 
1.27585 0 1.15517 1.67665 0.976145 0.175148 0.594028 0.581544 0.824023 0 
0.911467 1.05354 1.25599 0.268671 1.41418 0 0 0.230351 0.99663 0.788732 
0.532933 0.0982489 2.78031 1.75181 0.245598 1.18779 0.0265147 0 1.09432 0.0315156 
0 1.68219 1.25464 1.84989 1.34287 0.824032 1.47958 0 0 0 

0 0.36478 0 0.367751 0.0962673 0.735942 0.0220169 1.21123 0 0.0228871 
1.20948 0.561407 0 0 1.04357 0 0 0 1.26421 0.251114 
0 1.00441 0.466719 0 0.159648 0 1.44653 1.12605 1.0841 1.01595 
0.166087 0.60195 1.06021 0.149533 1.38102 0.0377739 0 0.00113148 0 0.745472 
0.134146 0 0.983498 0.922787 1.64097 0.929589 1.48491 0.314551 0.352615 0 
0 1.6801 0 1.10727 0 0.039102 0.0515228 0 0 0.293674 
0.360718 0.10478 2.08011 0.129435 0.0324982 0.62647 0 0 0.166518 0 
0.697594 0.520293 0.818823 0.362998 0 0.811153 0.600308 0.940725 1.33 0 
0.113153 0.101053 0 0.001413 0 0.474759 0.285457 0 1.17412 1.78184 
3.14969 1.93134 0 0.566253 1.01641 0 0 0.57196 0 0 

0 0 0.858151 0 0.302332 1.08179 0 0.63867 0.861129 0.506614 
0 0 0.421576 0 0 0 1.07526 0 0.0120536 0.85067 
1.25927 7.9e-06 0 0.177923 0.354141 1.70273 0 1.10239 1.89552 1.75897 
0.00443934 0 0.954067 0 0 0 0.136531 0 0.0246683 1.00951 
0 0.00896536 0 0 1.76707 0.674463 1.75029 0.25738 0.723558 0 
0.838265 0 0.456536 0.080487 0.524609 1.08373 0.182335 0.00868703 0 0.486528 
0.559869 0.768317 0.171473 1.09564 0 0.928705 0.808392 0.430565 0.0749679 0.0252935 
0 0 2.2313 0 0 0.847182 1.29892 0 1.20828 0 
0.450435 0 0.146276 1.09885 0 0.745283 0 0.0136573 0.215559 1.06532 
1.10448 0.211801 0 1.072 0 1.81388 0.462671 0 1.11828 0.0792823 

0 2.02055 0 0.55468 0 0.463847 0.00853053 0.111334 0.0695641 0.112163 
0 1.08355 0.114241 1.00303 1.41193 0.0461948 0.110096 0.916305 1.55166 0 
0 0.689723 0 0 0.140495 1.43711 0.0119687 0 0.161279 1.10488 
0.0342158 0.0567312 0 0.0322018 0.276319 1.09848 0 0.535027 0.276347 0.117981 
0.42743 1.2813 0.904916 0.112219 0 2.0676 0.0173034 0 0.585847 0.0490921 
1.32432 0 0.0455772 0.0107257 1.08668 0.0109801 0.268485 1.91372 0 0.0526703 
0 0 0.318138 0.216171 0.40419 0.106061 2.0018 0.216532 0.583653 0 
0 0 0 0.734755 0.92581 0.207041 1.46988 0.671749 0 0.275203 
0 0 0.815004 0 0.790497 0 0 1.04022 1.31429 0 
0 0 0 1.78938 0 0.895719 0 0 1.26253 0 

1.02953 0 0.183601 0.375138 0 0 0 0 0.256818 0 
2.32556 0.203399 1.10883 1.42512 0 1.1409 0 0.616607 0 0 
0.899217 0.915643 0 0.100762 0.307161 0 0 0 0 0 
0.140678 0 0.318151 0.230755 0 0 0 0 0.199395 0 
1.04415 1.03905 1.05387 0 0.93705 0.169818 0 0 0 0.595752 
0 0.0367093 1.44019 0 1.09743 0 1.115 0.465312 0.371234 0.0204018 
0 0 0 2.21508 0.229226 0.722031 0.583701 1.27946 0.114191 0.104832 
0.687183 1.06596 0.0438863 0.819747 0.175954 0.696771 1.03852 1.85425 0 1.3994 
0 0.848634 0.213863 0 0 1.75872 0.373618 0.0241228 0.19866 1.04366 
0 0 0 0 0 0.067331 1.08614 0.113007 1.16529 0.131616 

0.209839 0 0 0.0220254 0 0.119128 0.0632344 0.64645 0 0 
1.3411 0.228168 0 0.312061 0 0.798192 0 0.126949 0 0 
0 0.0223733 0.0278822 0.0392189 1.11219 1.08492 0.0863013 0 0 0.44593 
0 0 0 0 0.634005 1.17343 0 0.707888 0 0.196969 
2.12967 0.0981701 0 0.139674 0.0289067 0 0 0 0 0 
0 1.33 0.409132 0.831383 0.590516 0 0 0.102593 0 0.0738434 
1.35312 0 0 0 0 0 1.0846 0 0.864774 1.28635 
1.85078 1.30221 0 1.00282 0.1291 0.121115 0.737798 0 0.167567 0 
0 0.375823 0.110204 0 1.15587 2.30657 0.541959 0.124821 0 0 
1.28831 0.252037 0.92074 0.486657 0 0.44171 1.10563 1.27167 0.597267 1.59557 

0 0 0 0 0 0.129125 0.570276 0.0374805 0 0 
0.864082 0.953064 0 0 0 0 0 0 0.928171 0.0608684 
0 0.409843 0 0 1.5817 0 0 0 0 1.13303 
0.770131 0.0393255 0 1.03813 0 0 0.234532 0.00399013 0.495556 1.63904 
0.093334 0 0 0 0.78723 0 0 0.476692 1.73355 1.10061 
0.697515 1.1091 0.939411 0 0.210557 0 0.177331 0.0357244 0.292438 0.0467281 
0 0 0.372018 0 0.321384 0 0 0.38539 0 0 
0.946097 0 0 0.113929 1.35321 0 1.01946 1.08317 0 0 
0 0.94263 0.0155419 0 0 0.10948 0 0 0.28173 0.156181 
0.0645156 2.90272 0 0.271186 0.0111481 0 0 0.0330028 0.0736686 0 

2.64373 0 0 0 0 0.0370837 1.33 0 0.173712 0.0288407 
1.69885 0 0 0.31394 0.220885 0 0.139661 0.564589 0.294651 0 
1.01888 0.83153 0.228452 0 0 0 0.19033 0.752577 0.720271 0 
0 0 0.419876 0 0 0.155351 0.165768 0 0.160201 0.504935 
0.00994282 0 0.86952 0 0.214305 0 0.669939 0.322187 0.932563 0 
0.396493 0 0 0 0 0 0.412714 0 0 0 
0.247688 0.227766 0 0 0 0.00868836 0.189476 1.1709 0 0.137568 
0 0.868671 0 1.08892 0.0472264 1.41855 0 0.143848 1.0814 0 
0 0.564129 0 0.257979 0 1.11516 0 0 0 0.436343 
0 0 0.000715261 0 0.00482809 0 0 0 1.11227 1.05928 

0 0 0 0 0.883287 0.0686729 0 0 0.221511 0 
0 0 0.595985 1.81918 0.813403 0.684616 0 0.315063 0 0 
0 0 0 0 0.516818 0.149259 0 0.83057 0.121735 0.298078 
0 0 0.773615 0.466265 0.753361 0 0.549883 0 0.935551 0.95145 
0 0 0.231557 0.796318 0.768 0.0384762 1.47859 0 0.548474 0 
0 0.888112 0.0690415 0 0 0 0.543148 0 0 0 
0 0 0.148791 0 0.101107 0 0 0 0 0 
0 0 1.33 0.122294 1.13208 0 0 0 0.330615 0.625589 
0 0 0 0.129626 0 0.0883306 0.117559 0.141737 0.949548 0 
0 0 0.0237281 0 0 0 0 0 1.00074 0 

1.67375 0 0 0 0 0 0 0.882335 0.820723 0 
0 0 0 0.193554 0.296363 0 0 0 0 0.0568481 
0.793555 0.0966942 0.0688066 0.00859338 0 0 0 0 0 1.01844 
0 0 0.10778 0 0 1.07062 0.235434 0.0767462 0 0 
0 0 0 0 0 0.189253 0 1.33 0 0 
0.534901 0 0 1.60794 0.0724152 0 0 0 0 0 
0 0 0 0.403198 0 0 0 0.0311925 0 0 
0 0 0 0 0 0 0 1.17983 0.159097 0 
0.252593 0 0 1.20771 0 0.470443 0.101147 1.20471 0 0 
0 0.938214 0 0 0 0 0.307318 1.01421 0 0 

