#################################### 
# Matrix Size= (50,50,50)
# Resol      = (10,10,10)
# VoxelSize  = (5,5,5)
# nbVal      = 1000
#################################### 
0.0673341 0.074307 0.567992 0.462658 0 0 0 0 0 0 
0 0.893147 0 0 0.490641 0 0 0.359244 0 1.07618 
1.01619 0.817953 0 0 0.587834 0.0290221 0.188253 0 0.85473 0 
0 0.101553 0 0.221172 0 0.353078 0.987746 0.0574158 0 0 
0.311293 2.0362 0 0 0.57051 0 1.23883 0 0 0.0439165 
0 0 0.34665 0.147744 0 0 3.2e-05 0 0 1.23688 
0.25251 0 0.334096 0 0 0 0 0 0 0 
0 0 0 0.954758 0.744417 0 0 0.71741 0 0.260231 
0 0.0982489 0 0.155165 0 0 0.883018 0 0.0315156 1.04072 
0.523167 0 0.011677 1.52181 0.204694 0.580549 1.91993 0 0 0 

0.236734 0 0.185538 0 0 0 0 0 0.057185 0.441716 
0 0 0 0 0 1.06023 0 0 0 0.796737 
1.14563 0.885731 0 0 0 0 0 0.232532 0 0 
0.914891 0 0 0 0 0 0 0 0 0 
0.0212716 0 0 0 0 0 0 0.271236 0 0 
0.147783 1.12957 0 0.138941 0 0.65678 0.225177 0 0 0 
0 0.826045 0.269073 0 0 0 0.797465 0.322971 0 0.483021 
0.130625 0.476624 0 0 0 1.00432 0.115082 1.01641 0 0.236623 
0 1.09532 1.81021 0 0.0211659 0 0 0 0.0497891 1.24535 
0 0 0 0 0.0477048 0 0 0 2.52796 0.42494 

0 0.252118 0 0.166339 0 0.100378 0.413398 0 0.301863 0 
0 0 0.710845 1.07526 0.0962673 0 0 0 0 0 
0 0 0 0.645331 0 0 0 1.09747 1.51185 0 
0 0 0 0 0.421576 0 0.96828 1.05876 0 0 
0 0.0970107 0 0 0 0.00868703 0 0.0749679 0 0.302074 
0.0731163 0 0 0 0 0 0 1.00301 0 0.17725 
0.978904 1.26616 0 0 0.579531 0 0 0.580765 0 0.0849122 
0 0 0 0.613852 0 0.2592 0 0 0 0.066281 
0 0 0.406811 0 1.05644 0 0 0 0 1.0435 
0 0 0.250572 0 0 1.54428 0 0 0.524146 0 

0 0 0 0 0.031727 0 0 0 0 0.403693 
0 0.802891 0 2.10233 0 0.784987 0 0 0 0.181551 
0 0 0 0.28571 0 0 0.34964 0 0.121891 0 
0 0 0 2.12272 0 0 1.08747 0.185815 0 0.085366 
0 0 0 0 0 0 0 0 0.276347 0 
0 0 0 0 0 0.317877 0 0 0 0 
0 0.0342158 0 0 0.340226 0.312146 0 0 0 0 
0.401877 0 0 0.142947 0 0 0 0.135545 0.295497 0.160394 
1.50977 0 0 0.241885 0 0 0.118871 0 0 0 
1.06422 0 0.95236 0 1.85254 0.987297 0.0385972 0.994741 0 0.159274 

0 0 0 0 0 0 0 0 0 0.171612 
0.606309 0.696603 0 0 0 0 0.185382 0.268714 0 0.557656 
0 0 1.10883 0 0 0.375138 0.246223 0 0.241664 0 
0 0 0.97396 0 0 0 0 0.0230174 0 0 
0 0.120211 0.730663 0 0 0 0 0 0 0 
0 0 0.100762 0 0 0 0 0 0.454725 0 
0.211075 0 0 0 1.05387 0 0 0 0 0 
0.687183 0 0 0 0.105452 0 0 0 0 0 
0 0 0 0.178981 0.416235 0.751235 0 0.828136 0.113007 0.522893 
0.120941 0 0 0 0 0 0 0 1.04366 0.203219 

0 0 0 0 0 0 0 0.790606 0 0.413838 
0 0 0.0813228 0 0.571956 0 0 0 0.456986 0.820101 
0 0 0 0 0.512961 0.0863013 0 0.0791493 0.589456 0 
0 0 0.0701919 0 0 0 0 0.588202 0 0 
0 0 0 0 0 0 0 0 0 0 
0 0 0 0 0.764749 0 0 0.167567 0 0.390027 
0.847171 0 0 0 0 0.773672 0 0.239845 0 0 
0.883165 0 0 0 0 0 0 0.368468 0 0 
0 0 0 0 0 0 0.32435 0.68133 0.117458 1.34319 
0.951837 0 0 0.196261 0 0 0 0 0 0.955204 

0 0 0 0.345519 0 0.0596572 0 0 0 0 
0 0 0.151068 0 0 0 0 0 0.102608 0 
1.09554 0 0 0 0 0 0 0.150763 0.593378 0 
0 0 0 0 0 0.0170441 0.483963 0 0 0 
0 0 0 0 0 0 0.404445 0.152581 0 0.890823 
0 0 0 0.126946 0 0 1.10132 0.980488 0.128628 0 
0.697515 0 0 0 0 0 0 0.400299 0 0 
0.92065 0 0 0 0 0 0 0.80684 1.10285 0 
0.283017 0 0 0 1.33 0 0 0 0 0 
0 0.876516 0 0 0.118543 0 0 0 0 0 

0 0 0 0 0 0 0 0 0 0 
1.05561 0 0.737789 0 0 0 0 0 0 0 
0 0.923533 0.32289 0.667092 0.273262 0 0.294651 0 0 0 
0 0 0 0.391477 0 0.165768 0 0 0.348293 0 
0 0.157607 0 0 0 0 0.483035 0 0.981707 0.2177 
0 0.201274 0 0.227766 0 0 0 0 0 0 
0.358379 0 0 0 0.483225 0 0 1.0814 0 0 
0 0 0 0 0 0 0.917905 0 0 1.0212 
0 0 0.97212 0 0.257979 0 0 0 0.729267 0.353109 
0 0 0 0 0 0 0 0 0 0 

0 0 0 0.116561 0 1.33 0 0 0 0 
0 0 0 0 0 0 0 0 0 0 
0 0 0 0 0 0 0 0 0 0 
0 0 0 0.17694 0.975079 0 0 0 0 0.27312 
0 0 0 0.00236424 0 0 0.935551 0 0 0 
0 0 0 0.15291 0 0.122294 0 1.18686 0.574421 0 
0 0 0 0 0.0791724 0 0 0 0 0 
0 0 0 0 0 0 0 0 0 0 
0 0.230376 0 0 0 0 0.141737 0.00866852 0 0 
0 0 0 0 0 0 0 0.330615 0 0 

0 0 0 0 0 0 0 0 0 0 
0 0 0 0 0.025767 0 0 0 0 0 
0 0 0 0 0.0722942 0 0 0 0 0 
0 0 0 0 0 0 0 0 0 0 
0 0.410897 0 0 0 0 0 0 0 0 
0 0 0 0 0 0 0 0 0.0557068 0 
0 0 0 0 0 2.21072 0.0319293 0 0 0 
0 0 0 0 0 0 0 0 0 0 
0 0.528069 0 0 0 0 0 0 0 0 
0 0 1.07202 0 0 0.697083 0.683815 0 0 0 

