#################################### 
# Matrix Size= (50,50,50)
# Resol      = (10,10,10)
# VoxelSize  = (5,5,5)
# nbVal      = 1000
#################################### 
1.92703 0 9.11914e-05 1.54635 2.24839 0 0.43098 1.96312 0 0 
1.08091 0.615014 0.208582 0.0491461 0.935968 1.54677 0.337074 1.24444 0 0.274594 
0.669047 0.0523523 2.0019 0.25028 0.0298867 0 1.68291 0.224137 0.694517 1.19125 
0.0273562 0.276975 2.18011 0.0335007 0 0.669977 1.98521 0.375753 0.496884 0.47395 
0.117062 0.223527 0.737318 0.21554 0.384925 1.06379 0 1.23403 2.01057 0 
1.16199 1.06977 0.643084 0.569599 1.47131 0.329342 0.719546 0.652799 0.893936 2.4977 
0 1.22917 0 0.0433765 1.22504 1.35899 0.00405383 0.664095 2.20487 0 
0 0.0314811 0.200201 0.45067 0.147809 0.059864 1.28464 0.07859 2.79276 0.0887426 
1.16584 0.00655 0.000136352 1.25791 0.00177438 1.16322 0 1.15385 1.02786 0.117072 
2.09826 0.273703 0.525533 0.0419497 0 0.645562 0 0.337037 0.497998 1.14587 

0.000942403 0.520513 0.000686464 3.64771e-05 2.9108 0.00189531 0 0.0427437 0 1.03569 
0.446157 0 0.0160732 0.0618618 0.00380517 0.237685 0.903837 0.702335 0.560637 0.275469 
1.17651 0.058463 0 0.0102117 0.295333 0.282112 0 0.0559855 1.82591 0 
1.5884 1.38859 0.0461519 0 1.86148 0.00923317 0.364182 0 1.49998 0.0176581 
1.7689 0.608419 1.37712 0 0 0.179363 0.420061 0 0.611719 0.733201 
0.19354 0.632975 1.04642 2.30798 0.00630817 0.619924 0 0.195961 1.63537 1.03682 
0.447907 1.7689 0.0507192 0.00111842 0.0696647 0.0164673 0.0111946 0.0026546 1.15206 0.137628 
0.537347 1.20066 0.69892 1.1343 0 2.20693 0.971016 0.352126 0 0 
0.00146999 0.013009 0.434214 0.0633285 0 5.84388e-06 1.99398 0.370739 0.930861 0.50677 
0.410024 0.35588 1.25106 0.0961448 0.0118999 1.20233 0.796253 0 0 0 

0.752426 1.33241 0.0231071 0 0 0.146099 1.09029 1.0528 0 0.0955117 
1.21795 0 0.0605909 0.339808 0.561924 1.96461 0.433572 0 1.00421 0.775908 
0.452224 0.22566 0.00797957 0.0647601 0.0508178 0.0249552 0.0650109 0.0138043 1.21569 0.0388935 
0.632267 0 0.00348308 0.594525 0 0.0411762 0 0 0.4079 0.938252 
0 0.005346 1.43052 0.152344 0.00104048 0.370748 2.41969 1.93144 0 0.492562 
0 0 0 0.0108211 0.245663 1.00462 0.513583 0.199733 0.0136357 2.01756 
0.461616 0.590048 0 0.613562 0.0678974 1.60773 0.849048 1.23282 0 0.024348 
1.2364 0.021416 0.040821 0.00978305 0.3776 0.07991 0.00172085 0.202297 0 0 
0.0761681 0.326768 0.443099 2.09344 0.0948653 0 0 0 0.0108118 0 
0.13156 0.643379 0.707001 0.465339 0.579209 0.506699 0.0169734 1.10122 0 0 

1.33115 0.168759 0.147954 1.01094 0.530605 0 7.28762e-06 0.0529796 0.00431588 0 
0.00981798 0 0.000888405 0 1.04906 0 0.0541117 0.26384 2.21521 0 
1.05977 0 0 1.49748 1.53999 0.150704 0 0.140728 0 0.0408447 
0.0560749 0.661827 0.0379957 0.837973 0.728048 0.00260576 0 0.122248 0 0 
1.60053 1.36851 0.485191 1.14189 0 0 1.18259 0.420425 0.0470443 0 
0.685674 0.0349169 0 0.287095 2.12095 0 0.0345274 0.453346 0.0920428 2.10475 
0.184839 0.571682 0.15651 0.0428661 0.291401 0 0 0.198873 0.077876 0.117482 
0.358583 0.161505 1.14841 0.000148169 0.164373 0.076352 0 0.000176168 0.0331174 2.84121 
0 1.52567 1.23117 0.104522 0.705694 0.250531 0.99789 0 0 5.23207e-05 
1.37913 0.907056 0.704145 0.238092 0.765003 2.90633 1.02486 0.0253683 0.106087 1.40416 

0 0.0240427 0.157667 0 0.0625744 0.426483 0.3132 1.00371 0 0 
1.19327 0.0530295 0.763342 1.13603 0 0.0431254 0.00944128 0.240851 0.12616 0 
0 0.291711 0 0 0.0351846 0 0.0286295 0.00251819 1.5625e-08 1.02559 
0 1.7689 0 0.731927 1.12682 0.0139469 0.485256 1.13644 0.0294505 0.054796 
0.865991 0.591377 1.53744e-05 0 0 7.68362e-05 0.615187 0.0138543 0.31098 0 
0 0.919141 0.0194037 0.414777 0.621448 0 0.761366 0.140728 0 0.383204 
0 0 0 0.632121 0.367874 0.0569769 1.10145 0.821863 1.44894 0 
0.943995 1.57453 0.0363046 3.24199 1.04646 0.463762 0.410634 0.0618748 2.10226 2.53287 
0.79128 0.209564 0.237724 0 0 0.0385357 1.11064 0.95814 0 0 
0 0.935658 0.177006 0 0.0674582 0.976832 1.02405 0.655578 0.459572 0 

0.337693 0.120905 0.185865 0.213 0.0686731 0.103138 0.0033432 0 0.00384885 0 
0.000463238 0 0.000622639 2.46625 0.0109366 0.94035 0.347459 1.20131 0.729756 0.00632093 
0 0.0993653 0.0527537 0.00744792 0 0.158782 0 1.42363 1.19445 0.928985 
0 0.134293 0.00661339 0.161101 1.10491 0.785944 0.653137 0.153073 0.895716 0.650476 
0.00558537 0.132878 0.48636 0.00119349 0.0208974 0.000485117 0.617228 0.0294714 0.183945 0 
1.17926 0.0022926 0 0 0.0600946 1.06387 0 1.089e-09 0 0.000384316 
0 0.602257 0.0266782 0.717698 0.34871 0.0676631 0.694416 0.365308 0.135768 0.00998869 
0.137359 0.314664 0.905993 0.0360002 0.969836 1.16708 0.00350675 0 0 0.629294 
2.56949 0.131754 0.683696 0.0933334 0 0 1.01433 0.823454 0.019395 0.115311 
0 0.0109662 0.117945 0 0.147702 0 1.27665 0.00803986 0 0.282554 

0 0.097312 0.838834 0.67995 0.000378941 0 0.0315306 1.85552 0.358661 0.0411369 
0 0.0224716 0 0.119384 1.19936 0.00280768 0.751775 0.868385 0.0314768 1.05075 
0 1.27993 0 0 0.14085 0 0.0147495 0 0.655978 1.16664 
0.000958766 1.25269 0.802327 0.51358 0 0 0.303663 0 0.0443342 0 
0 0 0 0.23422 0.00490269 0 1.01809 0.0656733 0 0.238514 
0.931135 0.847596 1.21238 0 0.400189 0.00599078 0.0635521 1.93373 0.469064 0.842364 
0.76828 0 0 0.00201201 1.67728 1.24809 0.0305627 1.76946 0 0 
0.563732 0.602197 0.0609002 1.0035 0.922332 0.0123786 1.914 0 0 0.720369 
0.00969127 0.0357815 0.0019667 0 1.13817 0 0 0.173569 0.032907 0.532351 
0.0530761 0 0 0.235164 0.00340227 0.121387 0.000223656 0.348747 0.00123418 0 

1.05667 0 0 0.0208802 0 0 9.87531e-06 0.0243639 0 0 
0 0.627032 0.288521 0 0.102947 0.00144724 0.0648081 0 0 0.128766 
0 2.36013 0.0229268 0 0.168842 0.0197727 0.733001 0 0.047114 0 
1.11431 0 1.6218 0 0.52412 0.0274864 0 0.288191 0 0 
0 0 1.43798 0.945018 0.232245 0.138697 0 0 0.0820132 0.0123338 
0 0 0 0 0.0116537 0.078869 1.16943 0 0.055805 1.49841 
0 0.00578023 0 0.137169 0.0483786 0.996502 0.0181485 0.162438 1.04284 1.33377 
0.623476 0.441793 0.0168043 0 0.980278 0 1.08206 0.147468 0 0.114309 
0.00277526 0.0668794 0.0349287 1.0386 0.0811857 0.00114345 1.28526 0.0309806 0 0.0688218 
0 0 0 0.0502459 0.603158 0.00234219 0.23355 1.14513 0.133522 0.266245 

0.781176 0 0.000749023 0 0.376826 0 0.194832 0 0 0 
0.000937692 0.125957 1.01374 0 0 0 0 0 0 0 
0.0133162 0 1.44456 0.0056906 0.404275 1.24544 1.79712 0 0.0134883 0 
0 0.127088 0 0.276386 0 0 0.0727367 0.000202372 0.0149559 0 
0 1.79048 0.436976 0.7386 1.35703 0.780666 0 0.261965 0.591494 0 
0.227204 0 0 0 0 0 0.0226363 0.0087197 0 0.280635 
0.0027082 0.0238934 0.249808 0.0354215 0 0.0530729 0.395954 0 0.0745945 0 
0.0805865 0.0095448 0 0 0.0004736 1.12077 0.231401 0 1.02594 0 
1.43278 0 0 0.0236193 0 0.0711072 5.58962e-06 0 0.407697 0 
0 0.861208 0.535425 0 0 0 0.0247346 0 0.0814897 0 

0 0.000652679 0 0.995738 0 0 0 0.51791 0.603798 0.529162 
0 0 0.0911399 1.00062 0.174286 0.518239 0 0.0547152 0 0 
0 0 0 0 0.416877 0 0 0 0 0 
0 0.0281145 0 0.168837 0 0 0.00787366 0.734143 0.160857 0 
0.545463 0 0 0 1.08281 0 0 0.26603 0.00101948 0 
0.00248653 0 0.0108782 0 0 0.00522645 0 0.00310325 1.38245 0 
0 0 0.00897566 0.00167377 1.23221 0.170589 0 0 0 0.731983 
0.69388 0.323465 0 0.0873966 0.0522011 0.102953 0.467604 0.0358168 0.0554291 1.24205 
0.229323 0 0 0.00524396 0.772596 2.69374e-05 0 0.757452 0 0 
0 0 1.14923 0 0 0 0 0 0.676693 0 

