#################################### 
# Matrix Size= (50,50,50)
# Resol      = (10,10,10)
# VoxelSize  = (5,5,5)
# nbVal      = 1000
#################################### 
1 1 6 17 0 0 0 0 0 0 
0 7 0 0 3 0 0 7 0 7 
22 12 0 0 7 1 2 0 7 0 
0 2 0 3 0 5 6 1 0 0 
5 15 0 0 6 0 14 0 0 1 
0 0 4 3 0 0 1 0 0 25 
3 0 3 0 0 0 0 0 0 0 
0 0 0 9 6 0 0 7 0 5 
0 1 0 1 0 0 6 0 1 35 
6 0 1 17 4 7 16 0 0 0 

3 0 3 0 0 0 0 0 1 6 
0 0 0 0 0 11 0 0 0 5 
10 9 0 0 0 0 0 3 0 0 
10 0 0 0 0 0 0 0 0 0 
1 0 0 0 0 0 0 6 0 0 
3 8 0 2 0 6 2 0 0 0 
0 8 3 0 0 0 9 3 0 6 
3 3 0 0 0 8 2 9 0 5 
0 7 13 0 3 0 0 0 1 28 
0 0 0 0 1 0 0 0 22 8 

0 3 0 2 0 1 5 0 8 0 
0 0 5 9 1 0 0 0 0 0 
0 0 0 5 0 0 0 7 12 0 
0 0 0 0 7 0 6 6 0 0 
0 1 0 0 0 1 0 1 0 4 
1 0 0 0 0 0 0 10 0 2 
10 12 0 0 5 0 0 6 0 1 
0 0 0 4 0 4 0 0 0 1 
0 0 4 0 6 0 0 0 0 7 
0 0 3 0 0 13 0 0 5 0 

0 0 0 0 1 0 0 0 0 4 
0 9 0 18 0 7 0 0 0 4 
0 0 0 3 0 0 8 0 2 0 
0 0 0 15 0 0 7 4 0 2 
0 0 0 0 0 0 0 0 3 0 
0 0 0 0 0 4 0 0 0 0 
0 1 0 0 7 3 0 0 0 0 
4 0 0 2 0 0 0 4 5 3 
11 0 0 2 0 0 2 0 0 0 
16 0 7 0 23 10 1 9 0 4 

0 0 0 0 0 0 0 0 0 3 
5 5 0 0 0 0 3 5 0 7 
0 0 6 0 0 4 5 0 3 0 
0 0 8 0 0 0 0 1 0 0 
0 2 6 0 0 0 0 0 0 0 
0 0 1 0 0 0 0 0 8 0 
3 0 0 0 7 0 0 0 0 0 
14 0 0 0 1 0 0 0 0 0 
0 0 0 1 3 10 0 7 1 7 
2 0 0 0 0 0 0 0 7 4 

0 0 0 0 0 0 0 6 0 5 
0 0 2 0 8 0 0 0 5 6 
0 0 0 0 6 1 0 1 5 0 
0 0 1 0 0 0 0 6 0 0 
0 0 0 0 0 0 0 0 0 0 
0 0 0 0 7 0 0 3 0 5 
15 0 0 0 0 6 0 3 0 0 
8 0 0 0 0 0 0 3 0 0 
0 0 0 0 0 0 3 6 3 13 
11 0 0 4 0 0 0 0 0 10 

0 0 0 4 0 1 0 0 0 0 
0 0 2 0 0 0 0 0 1 0 
17 0 0 0 0 0 0 2 7 0 
0 0 0 0 0 1 5 0 0 0 
0 0 0 0 0 0 7 3 0 6 
0 0 0 2 0 0 7 7 2 0 
6 0 0 0 0 0 0 4 0 0 
12 0 0 0 0 0 0 8 7 0 
3 0 0 0 12 0 0 0 0 0 
0 9 0 0 2 0 0 0 0 0 

0 0 0 0 0 0 0 0 0 0 
8 0 5 0 0 0 0 0 0 0 
0 6 2 8 3 0 3 0 0 0 
0 0 0 4 0 3 0 0 5 0 
0 2 0 0 0 0 5 0 9 2 
0 3 0 4 0 0 0 0 0 0 
16 0 0 0 7 0 0 10 0 0 
0 0 0 0 0 0 9 0 0 6 
0 0 9 0 3 0 0 0 8 4 
0 0 0 0 0 0 0 0 0 0 

0 0 0 2 0 10 0 0 0 0 
0 0 0 0 0 0 0 0 0 0 
0 0 0 0 0 0 0 0 0 0 
0 0 0 3 9 0 0 0 0 5 
0 0 0 1 0 0 6 0 0 0 
0 0 0 3 0 2 0 11 5 0 
0 0 0 0 1 0 0 0 0 0 
0 0 0 0 0 0 0 0 0 0 
0 4 0 0 0 0 3 1 0 0 
0 0 0 0 0 0 0 4 0 0 

0 0 0 0 0 0 0 0 0 0 
0 0 0 0 1 0 0 0 0 0 
0 0 0 0 1 0 0 0 0 0 
0 0 0 0 0 0 0 0 0 0 
0 7 0 0 0 0 0 0 0 0 
0 0 0 0 0 0 0 0 2 0 
0 0 0 0 0 18 1 0 0 0 
0 0 0 0 0 0 0 0 0 0 
0 7 0 0 0 0 0 0 0 0 
0 0 15 0 0 5 6 0 0 0 

