#################################### 
# Matrix Size= (50,50,50)
# Resol      = (10,10,10)
# VoxelSize  = (5,5,5)
# nbVal      = 1000
#################################### 
0.00453387 0.00552153 0.322614 0.214052 0 0 0 0 0 0 
0 0.797712 0 0 0.240729 0 0 0.129056 0 1.15816 
1.03265 0.669047 0 0 0.338186 0.000842281 0.0354392 0 0.730563 0 
0 0.0103131 0 0.048917 0 0.120066 0.975641 0.00329657 0 0 
0.0969031 1.79003 0 0 0.325482 0 1.25628 0 0 0.00192866 
0 0 0.120166 0.0218283 0 0 1.024e-09 0 0 1.19077 
0.0637612 0 0.11162 0 0 0 0 0 0 0 
0 0 0 0.770122 0.554157 0 0 0.514678 0 0.0355236 
0 0.00965285 0 0.0240762 0 0 0.779722 0 0.000993236 1.08311 
0.273703 0 0.000136352 1.32155 0.0418997 0.337037 1.89089 0 0 0 

0.0560431 0 0.032256 0 0 0 0 0 0.00327013 0.1223 
0 0 0 0 0 1.1241 0 0 0 0.63479 
1.31246 0.78452 0 0 0 0 0 0.0540709 0 0 
0.837025 0 0 0 0 0 0 0 0 0 
0.00045248 0 0 0 0 0 0 0.0735691 0 0 
0.0218398 0.721258 0 0.0193046 0 0.344493 0.0507048 0 0 0 
0 0.411746 0.0724004 0 0 0 0.393652 0.10431 0 0.106436 
0.017063 0.22717 0 0 0 1.00867 0.013244 1.03308 0 0.0559905 
0 1.19974 1.64798 0 0.000447993 0 0 0 0.00247896 1.23026 
0 0 0 0 0.00227575 0 0 0 2.39158 0.094184 

0 0.0635637 0 0.0276686 0 0.0100757 0.170898 0 0.0465751 0 
0 0 0.505301 1.15618 0.00926739 0 0 0 0 0 
0 0 0 0.416452 0 0 0 1.20444 1.17035 0 
0 0 0 0 0.177727 0 0.937566 1.12098 0 0 
0 0.00941108 0 0 0 7.54645e-05 0 0.00562019 0 0.0456522 
0.005346 0 0 0 0 0 0 1.00603 0 0.0314175 
0.958253 1.18689 0 0 0.335856 0 0 0.252934 0 0.00721008 
0 0 0 0.376815 0 0.0671849 0 0 0 0.00439317 
0 0 0.165495 0 1.11606 0 0 0 0 1.08889 
0 0 0.0627865 0 0 1.09365 0 0 0.204189 0 

0 0 0 0 0.0010066 0 0 0 0 0.162968 
0 0.322492 0 2.212 0 0.616205 0 0 0 0.0325709 
0 0 0 0.0816301 0 0 0.122248 0 0.0148575 0 
0 0 0 2.25923 0 0 1.18259 0.0345274 0 0.00728736 
0 0 0 0 0 0 0 0 0.0763676 0 
0 0 0 0 0 0.0780791 0 0 0 0 
0 0.00117072 0 0 0.0606042 0.0974351 0 0 0 0 
0.161505 0 0 0.0204339 0 0 0 0.0120793 0.0873187 0.0257263 
1.18842 0 0 0.0585085 0 0 0.00769089 0 0 0 
1.13256 0 0.906989 0 1.48037 0.532127 0.00148974 0.98951 0 0.0253683 

0 0 0 0 0 0 0 0 0 0.0294505 
0.367611 0.485256 0 0 0 0 0.0172252 0.038539 0 0.31098 
0 0 1.2295 0 0 0.140728 0.060626 0 0.0584013 0 
0 0 0.948598 0 0 0 0 0.000529801 0 0 
0 0.0144507 0.533868 0 0 0 0 0 0 0 
0 0 0.0101529 0 0 0 0 0 0.206775 0 
0.0445526 0 0 0 1.11064 0 0 0 0 0 
0.47222 0 0 0 0.0111202 0 0 0 0 0 
0 0 0 0.0320343 0.173252 0.564354 0 0.685809 0.0127706 0.140962 
0.0146267 0 0 0 0 0 0 0 1.08922 0.0269892 

0 0 0 0 0 0 0 0.625058 0 0.171262 
0 0 0.00661339 0 0.327134 0 0 0 0.128339 0.672566 
0 0 0 0 0.263129 0.00744792 0 0.00626461 0.347459 0 
0 0 0.00492691 0 0 0 0 0.345982 0 0 
0 0 0 0 0 0 0 0 0 0 
0 0 0 0 0.306895 0 0 0.0280789 0 0.0785521 
0.717698 0 0 0 0 0.598568 0 0.0294923 0 0 
0.779981 0 0 0 0 0 0 0.135768 0 0 
0 0 0 0 0 0 0.105203 0.464211 0.00841547 1.00337 
0.905993 0 0 0.0385183 0 0 0 0 0 0.912415 

0 0 0 0.119384 0 0.00355899 0 0 0 0 
0 0 0.0228215 0 0 0 0 0 0.0105285 0 
1.20021 0 0 0 0 0 0 0.0227293 0.352097 0 
0 0 0 0 0 0.000290501 0.23422 0 0 0 
0 0 0 0 0 0 0.0819268 0.0163842 0 0.793565 
0 0 0 0.0161154 0 0 1.21291 0.676507 0.0165451 0 
0.486527 0 0 0 0 0 0 0.160239 0 0 
0.847596 0 0 0 0 0 0 0.650991 1.21627 0 
0.0800987 0 0 0 1.7689 0 0 0 0 0 
0 0.76828 0 0 0.0140525 0 0 0 0 0 

0 0 0 0 0 0 0 0 0 0 
1.11431 0 0.544333 0 0 0 0 0 0 0 
0 0.852914 0.104258 0.445012 0.0746723 0 0.0868192 0 0 0 
0 0 0 0.153254 0 0.0274792 0 0 0.121308 0 
0 0.02484 0 0 0 0 0.233323 0 0.963748 0.0473931 
0 0.0405111 0 0.0518774 0 0 0 0 0 0 
0.128435 0 0 0 0.233507 0 0 1.16943 0 0 
0 0 0 0 0 0 0.84255 0 0 1.04284 
0 0 0.945018 0 0.0665532 0 0 0 0.268763 0.124686 
0 0 0 0 0 0 0 0 0 0 

0 0 0 0.0135865 0 1.7689 0 0 0 0 
0 0 0 0 0 0 0 0 0 0 
0 0 0 0 0 0 0 0 0 0 
0 0 0 0.0313079 0.492721 0 0 0 0 0.0745945 
0 0 0 5.58962e-06 0 0 0.875255 0 0 0 
0 0 0 0.0233814 0 0.0149559 0 0.550326 0.24012 0 
0 0 0 0 0.00626826 0 0 0 0 0 
0 0 0 0 0 0 0 0 0 0 
0 0.0530729 0 0 0 0 0.0200894 7.51432e-05 0 0 
0 0 0 0 0 0 0 0.109306 0 0 

0 0 0 0 0 0 0 0 0 0 
0 0 0 0 0.000663939 0 0 0 0 0 
0 0 0 0 0.00522645 0 0 0 0 0 
0 0 0 0 0 0 0 0 0 0 
0 0.168837 0 0 0 0 0 0 0 0 
0 0 0 0 0 0 0 0 0.00310325 0 
0 0 0 0 0 2.45356 0.00101948 0 0 0 
0 0 0 0 0 0 0 0 0 0 
0 0.278857 0 0 0 0 0 0 0 0 
0 0 1.14923 0 0 0.485924 0.467604 0 0 0 

