#################################### 
# Matrix Size= (50,50,50)
# Resol      = (10,10,10)
# VoxelSize  = (5,5,5)
# nbVal      = 1000
#################################### 
1.96255 0 0.00954942 1.72696 2.219 0 1.03886 1.96263 0 0 
1.03967 1.10844 0.483549 0.221689 0.967454 1.89843 0.580581 1.77674 0 0.524017 
0.817953 0.23505 2.03777 0.66375 0.172878 0 2.23478 0.473432 0.833377 1.24453 
0.165397 0.526285 2.08734 0.183032 0 1.00643 2.17334 0.839303 1.00806 0.68844 
0.407861 0.759414 0.858672 0.723662 1.10752 1.3002 0 1.35162 2.15268 0 
1.38206 1.3787 0.801925 1.06099 1.73322 0.838948 0.84826 1.02561 1.04816 2.7153 
0 1.10868 0 0.20827 1.73681 1.65711 0.0636697 0.81492 2.57636 0 
0 0.245993 0.447438 0.67132 0.439944 0.324002 1.54988 0.280339 3.07483 0.421281 
1.07974 0.0809321 0.011677 1.23936 0.0421234 1.52273 0 1.22131 1.14995 0.468945 
2.04725 0.523167 0.891496 0.211763 0 0.803469 0 0.580549 0.70569 1.07045 

0.0306986 0.875445 0.0262005 0.00603963 3.02964 0.0435352 0 0.283334 0 1.01769 
0.66795 0 0.12678 0.24872 0.0803161 0.487529 1.43597 0.838055 0.748757 0.524851 
1.60245 0.241791 0 0.101053 0.984087 0.727437 0 0.328349 2.0143 0 
2.01245 1.94373 0.21483 0 2.34202 0.0960894 0.75566 0 1.72689 0.132884 
1.33 1.56494 1.61917 0 0 0.665086 0.867014 0 0.982095 0.857312 
0.590925 0.812761 1.30526 3.14387 0.079424 1.34992 0 0.622012 2.05006 1.08104 
0.669259 1.33 0.225209 0.0334428 0.263941 0.128325 0.149629 0.0515228 1.38699 0.471448 
1.04304 1.12579 0.836015 1.06503 0 2.09767 1.06118 0.606534 0 0 
0.0383404 0.114057 0.658949 0.251652 0 0.00241741 2.01769 0.86565 1.88265 0.863008 
0.891013 0.596557 1.44559 0.354085 0.109087 1.11118 1.01963 0 0 0 

0.867425 1.1543 0.15201 0 0 0.540172 1.04417 1.02606 0 0.406737 
1.32379 0 0.246152 0.708758 1.09066 2.13252 0.658462 0 1.21482 1.15961 
1.05708 0.475037 0.0893285 0.286708 0.225428 0.157972 0.328594 0.117492 1.47387 0.239967 
1.03446 0 0.0590176 0.779693 0 0.202919 0 0 0.63867 0.968634 
0 0.0731163 1.49758 0.792052 0.0322564 0.860444 2.19986 2.31084 0 0.701828 
0 0 0 0.104024 0.728672 1.0023 1.00111 0.446915 0.116772 1.82866 
0.887304 1.50928 0 1.0596 0.285893 1.73679 1.24203 1.19198 0 0.174576 
1.62708 0.186168 0.317994 0.151566 0.641879 0.282683 0.0414832 0.511144 0 0 
0.275986 0.732882 1.21497 2.13524 0.308002 0 0 0 0.10398 0 
0.407447 0.802109 1.49183 0.682158 0.960721 1.2186 0.162612 1.04939 0 0 

1.86402 0.410802 0.384648 1.00545 0.899267 0 0.00269956 0.230173 0.0656954 0 
0.121588 0 0.0298061 0 1.03838 0 0.349441 0.591876 2.35366 0 
1.02945 0 0 1.72239 2.05366 0.388206 0 0.452624 0 0.271438 
0.236801 1.09267 0.194925 0.915409 1.14964 0.0687439 0 0.34964 0 0 
2.09572 2.02223 0.696557 1.51078 0 0 1.08747 0.875935 0.217974 0 
0.954711 0.186861 0 0.838601 2.43625 0 0.185815 0.908729 0.390144 2.04636 
0.554626 1.18504 0.510862 0.207041 0.539815 0 0 0.445952 0.328923 0.441453 
0.598818 0.401877 1.57931 0.0121725 0.558523 0.276319 0 0.0132728 0.234317 2.90703 
0 1.87379 1.10958 0.485885 0.955518 0.699421 0.998945 0 0 0.00723331 
1.53108 0.960575 0.839134 0.487947 0.874645 3.53837 1.55718 0.159274 0.325711 1.51997 

0 0.155057 0.431484 0 0.250149 0.653056 0.583259 1.00185 0 0 
1.09237 0.230281 0.873694 1.61662 0 0.245783 0.0971662 0.490766 0.495914 0 
0 0.762589 0 0 0.187576 0 0.169203 0.0573388 0.000125 1.01697 
0 1.33 0 1.10242 1.8218 0.118097 0.696603 1.06604 0.171612 0.234085 
1.16846 1.13367 0.00392102 0 0 0.00876562 0.784338 0.157741 0.557656 0 
0 1.43578 0.139297 0.867177 0.78832 0 1.08333 0.375138 0 0.729587 
0 0 0 1.04873 0.809825 0.325961 1.0495 1.27879 2.19247 0 
1.07597 2.31258 0.190538 3.17628 1.50979 0.681001 0.640807 0.314796 2.81032 3.08975 
0.905193 0.585225 0.619058 0 0 0.196305 1.05387 1.08556 0 0 
0 0.984368 0.575016 0 0.259727 0.988348 1.01195 0.809678 0.928355 0 

0.581113 0.347713 0.43112 0.46152 0.262056 0.447937 0.0661828 0 0.0620391 0 
0.0304257 0 0.0249527 2.64173 0.126365 1.22484 0.589456 1.09604 0.88191 0.0795043 
0 0.315223 0.317331 0.0863013 0 0.398475 0 1.19316 1.23015 0.963839 
0 0.404193 0.0813228 0.401374 1.21743 0.917201 0.958174 0.391245 1.46173 0.806521 
0.0747353 0.476377 0.697395 0.0345469 0.203902 0.0220254 0.910272 0.171672 0.557756 0 
1.59352 0.0478811 0 0 0.245142 1.5447 0 3.3e-05 0 0.0212372 
0 0.776052 0.163335 0.847171 0.590516 0.260121 1.09195 0.727223 0.368468 0.0999434 
0.381123 0.642298 0.951837 0.189737 1.05387 1.24698 0.0592178 0 0 1.01748 
2.84443 0.462664 1.14458 0.367623 0 0 1.59918 0.922044 0.139266 0.475474 
0 0.10472 0.343432 0 0.38432 0 1.40414 0.0896653 0 0.693042 

0 0.311949 1.02921 0.824591 0.0194664 0 0.244298 1.6243 0.598883 0.202822 
0 0.211438 0 0.345519 1.15318 0.0529876 0.985937 0.931872 0.177417 1.40355 
0 1.13134 0 0 0.391956 0 0.121448 0 0.92192 1.14895 
0.0336697 1.25942 1.03396 0.904915 0 0 0.551056 0 0.210557 0 
0 0 0 0.483963 0.0700192 0 1.00901 0.256268 0 0.488379 
1.56705 0.92065 1.20587 0 0.632605 0.0774001 0.355008 2.39172 1.06315 1.18182 
0.876516 0 0 0.0448554 1.83135 1.28123 0.174822 1.3536 0 0 
1.02658 1.03523 0.336306 1.38396 1.24948 0.111259 2.32266 0 0 1.07024 
0.0984443 0.18916 0.0443475 0 1.23943 0 0 0.515752 0.181403 0.729624 
0.230383 0 0 0.484937 0.058329 0.492719 0.0149551 0.696087 0.0351308 0 

1.02795 0 0 0.1445 0 0 0.0031425 0.156089 0 0 
0 0.933617 0.537141 0 0.453093 0.0380426 0.254574 0 0 0.35884 
0 2.17209 0.151416 0 0.410904 0.140615 0.856155 0 0.217058 0 
1.05561 0 2.06163 0 0.723961 0.168451 0 0.536834 0 0 
0 0 2.1358 0.97212 0.723591 0.522417 0 0 0.286379 0.111058 
0 0 0 0 0.107952 0.338044 1.0814 0 0.236231 1.86684 
0 0.0760279 0 0.370364 0.219951 1.33579 0.134717 0.403036 1.0212 1.65374 
0.789605 0.854424 0.129631 0 1.3473 0 1.04022 0.384016 0 0.338097 
0.0526808 0.363657 0.238984 1.38727 0.378944 0.0457166 1.13369 0.232689 0 0.262339 
0 0 0 0.224156 0.776633 0.0483962 0.48327 1.07011 0.365407 0.727194 

0.883842 0 0.0273683 0 0.613861 0 0.441397 0 0 0 
0.0394143 0.354905 1.00684 0 0 0 0 0 0 0 
0.115396 0 1.59617 0.0754361 0.839753 1.11599 1.49798 0 0.116139 0 
0 0.356494 0 0.743484 0 0 0.412091 0.0142258 0.122294 0 
0 1.86143 0.924907 1.27724 2.09042 0.904959 0 0.511825 0.769087 0 
0.476659 0 0 0 0 0 0.150454 0.0933793 0 0.674445 
0.0520404 0.154575 0.672146 0.188206 0 0.230376 0.995339 0 0.27312 0 
0.283878 0.0976975 0 0 0.0217624 1.50394 0.481041 0 1.26799 0 
1.62113 0 0 0.187268 0 0.458578 0.00236424 0 0.70933 0 
0 0.928013 0.731727 0 0 0 0.189696 0 0.401516 0 

0 0.0255476 0 1.02312 0 0 0 0.71966 0.777045 0.727435 
0 0 0.40741 1.00031 0.417476 0.719888 0 0.260127 0 0 
0 0 0 0 0.670913 0 0 0 0 0 
0 0.167674 0 0.410897 0 0 0.0887336 0.856821 0.401069 0 
0.738555 0 0 0 1.14309 0 0 0.515781 0.0319293 0 
0.0498652 0 0.112537 0 0 0.0722942 0 0.0557068 1.17578 0 
0 0 0.129276 0.0409117 1.11005 0.579259 0 0 0 1.06921 
0.832995 0.624591 0 0.295629 0.309716 0.320863 0.683815 0.189253 0.235434 1.11447 
0.663681 0 0 0.0724152 0.878974 0.00519013 0 0.870317 0 0 
0 0 1.07202 0 0 0 0 0 0.822613 0 

